사용월,호선명,지하철역,출근시간 승차인원,출근시간 하차인원,09-16시 승차인원,09-16시 하차인원,퇴근시간 승차인원,퇴근시간 하차인원,새벽 승차인원,새벽 하차인원,야간 승차인원,야간 하차인원,총 승차인원,총 하차인원
202304,공항철도 1호선,검암,75198,26013,64606,40312,25400,64754,8500,596,10250,53503,158554,120424
202304,공항철도 1호선,계양,165756,15762,134812,66270,30423,135747,11822,1021,12396,105292,324786,188345
202304,공항철도 1호선,공덕,15041,16566,23716,31202,19897,29621,1756,140,11571,20642,52084,68550
202304,공항철도 1호선,공항화물청사,5655,40763,12938,13842,30242,4292,514,659,7977,3286,27084,58550
202304,공항철도 1호선,김포공항,26546,55199,134322,80315,75292,32531,2181,2166,66645,9030,229694,146710
202304,공항철도 1호선,디지털미디어시티,49804,125661,88604,119782,166224,62679,3861,1128,63216,37133,205485,283704
202304,공항철도 1호선,마곡나루,36917,110060,67647,86721,128579,48209,2547,997,41609,29065,148720,226843
202304,공항철도 1호선,서울역,32193,66915,146218,149708,96982,66325,3349,1516,73080,42519,254840,260658
202304,공항철도 1호선,영종,38160,9302,48751,31887,14857,36736,3496,191,6711,32815,97118,74195
202304,공항철도 1호선,운서,79000,32311,98935,71916,40219,77855,13394,781,21534,80240,212863,185248
202304,공항철도 1호선,인천공항1터미널,43397,81233,139996,150424,80058,52729,7698,8329,69690,33835,260781,273821
202304,공항철도 1호선,인천공항2터미널,18431,41009,40534,48810,45551,15613,3968,3440,19989,6437,82922,99696
202304,공항철도 1호선,청라국제도시,70311,28691,64532,39524,38700,61992,5459,186,11095,51849,151397,120250
202304,공항철도 1호선,홍대입구,32541,39273,123959,189337,112056,100338,5341,408,117474,50460,279315,279478
202303,공항철도 1호선,검암,81288,26143,65519,40422,26915,68675,8892,428,10562,56331,166261,123324
202303,공항철도 1호선,계양,178714,15815,137794,66573,30949,145991,12116,951,12046,110300,340670,193639
202303,공항철도 1호선,공덕,16035,17905,24323,31908,20916,31650,2022,138,11982,20742,54362,70693
202303,공항철도 1호선,공항화물청사,5846,44115,12917,14399,33127,4285,539,753,8474,3212,27776,62479
202303,공항철도 1호선,김포공항,26588,56042,137562,81334,76702,34238,2222,2180,64064,9035,230436,148591
202303,공항철도 1호선,디지털미디어시티,52501,139029,90692,125469,182859,68234,3973,1111,68423,38858,215589,304467
202303,공항철도 1호선,마곡나루,39065,120511,67058,81137,136512,45379,2596,1090,37082,30011,145801,232749
202303,공항철도 1호선,서울역,32204,66765,141273,137987,103026,62427,3686,1784,72241,37610,249404,244146
202303,공항철도 1호선,영종,40042,9377,48190,30597,14954,38586,3602,166,6779,33445,98613,73585
202303,공항철도 1호선,운서,82209,32999,97249,68277,39766,81065,13134,850,21823,80575,214415,182701
202303,공항철도 1호선,인천공항1터미널,46229,83734,142110,156484,88930,48284,7250,8330,72648,31023,268237,279571
202303,공항철도 1호선,인천공항2터미널,18445,40147,38945,47143,46326,13976,3779,3350,20998,6187,82167,96827
202303,공항철도 1호선,청라국제도시,76354,31581,65669,39529,42417,66051,5632,178,11849,55019,159504,126307
202303,공항철도 1호선,홍대입구,32156,41297,121686,194683,117630,106417,5317,408,121209,48701,280368,285089
202302,공항철도 1호선,검암,69970,22849,59828,35331,24640,60300,7507,449,9614,49917,146919,108546
202302,공항철도 1호선,계양,153521,12539,122827,55734,27113,126603,10293,865,10592,98813,297233,167951
202302,공항철도 1호선,공덕,13810,15955,22434,29986,19077,29288,1607,135,11132,18141,48983,64217
202302,공항철도 1호선,공항화물청사,5141,38953,11635,12975,29844,3717,467,644,7429,2940,24672,55512
202302,공항철도 1호선,김포공항,24046,47361,129918,74853,70958,30934,2048,1757,59611,8658,215623,132629
202302,공항철도 1호선,디지털미디어시티,44947,124159,82212,114676,167951,60307,3662,996,59478,35405,190299,275236
202302,공항철도 1호선,마곡나루,31274,105583,60324,78003,122589,44530,2100,942,41725,24970,135423,209498
202302,공항철도 1호선,서울역,27090,56762,123449,127352,88765,60733,3202,1364,63870,35955,217611,221433
202302,공항철도 1호선,영종,32830,7927,45529,27707,13396,33258,3003,116,5994,30442,87356,66192
202302,공항철도 1호선,운서,69831,28440,89383,62525,35793,70759,11104,621,19786,72263,190104,163849
202302,공항철도 1호선,인천공항1터미널,38707,73104,122729,137195,79317,44247,5695,7105,67292,27925,234423,245329
202302,공항철도 1호선,인천공항2터미널,15218,35557,36675,43349,39753,12803,3109,2868,19537,6043,74539,87817
202302,공항철도 1호선,청라국제도시,64349,28066,62031,35340,38019,57659,5111,140,10721,50611,142212,114157
202302,공항철도 1호선,홍대입구,26124,34024,111649,191585,111026,94010,4326,349,112351,39779,254450,265737
202301,공항철도 1호선,검암,68587,23519,59374,35261,24961,59598,7451,416,9385,47980,144797,107176
202301,공항철도 1호선,계양,148603,12686,119486,56562,26779,122884,9687,761,10559,94686,288335,164695
202301,공항철도 1호선,공덕,14312,15470,22307,28566,18682,28801,1788,118,10749,18719,49156,62873
202301,공항철도 1호선,공항화물청사,5444,44119,13105,12988,32973,3876,443,562,7628,3244,26620,60913
202301,공항철도 1호선,김포공항,24702,50670,133891,79294,74742,32915,2098,2064,64641,9211,225332,141239
202301,공항철도 1호선,디지털미디어시티,43888,124710,79386,109079,164351,58406,3424,899,56668,33998,183366,268686
202301,공항철도 1호선,마곡나루,30730,104784,57876,74358,120936,41170,2205,893,38480,23727,129291,203762
202301,공항철도 1호선,서울역,28894,54969,125309,126695,86788,58811,3282,1443,64162,35413,221647,218520
202301,공항철도 1호선,영종,32375,7876,44434,27043,12574,32708,3037,90,5859,29437,85705,64446
202301,공항철도 1호선,운서,71623,29106,90922,63737,35813,73169,11537,618,19351,73244,193433,166705
202301,공항철도 1호선,인천공항1터미널,38656,78883,118758,143657,79644,47479,6037,7502,70242,31220,233693,261262
202301,공항철도 1호선,인천공항2터미널,16678,38245,37265,46458,41065,14313,2877,2915,20474,6368,77294,93986
202301,공항철도 1호선,청라국제도시,62273,28596,60989,35931,38136,56187,4995,147,10578,48565,138835,113239
202301,공항철도 1호선,홍대입구,26407,33657,107674,181680,103154,91426,4726,285,106797,40268,245604,255890
202212,공항철도 1호선,검암,73333,25769,65382,38461,27234,62095,7529,502,10532,53981,156776,118713
202212,공항철도 1호선,계양,157052,14218,132033,62644,30013,128545,10613,909,11469,104972,311167,182743
202212,공항철도 1호선,공덕,14866,16741,24102,32469,19448,32091,1657,130,12381,19376,53006,68716
202212,공항철도 1호선,공항화물청사,5657,42179,13843,14020,31274,4046,559,634,8136,3268,28195,60101
202212,공항철도 1호선,김포공항,25415,52098,134944,81259,76851,33017,2349,1908,63545,9536,226253,144801
202212,공항철도 1호선,디지털미디어시티,45865,129473,90465,120180,170984,63563,3610,923,63226,37332,203166,287908
202212,공항철도 1호선,마곡나루,34175,105901,65476,78759,115953,40991,2255,833,34314,27134,136220,212627
202212,공항철도 1호선,서울역,28869,58335,135614,137392,94261,62633,3441,1253,70332,38872,238256,235852
202212,공항철도 1호선,영종,34857,8753,49063,29577,13700,35448,3015,96,6462,32408,93397,70834
202212,공항철도 1호선,운서,75411,31113,96976,65656,38842,76267,11193,664,21947,77931,205527,175364
202212,공항철도 1호선,인천공항1터미널,40160,76926,122311,141877,80012,47118,5626,6747,69083,31046,237180,256596
202212,공항철도 1호선,인천공항2터미널,17029,38128,36547,45629,42075,14747,3098,2768,20033,6722,76707,93247
202212,공항철도 1호선,청라국제도시,67392,31505,67350,38871,42124,60417,4829,121,11328,54308,150899,124805
202212,공항철도 1호선,홍대입구,28498,36076,116989,188336,106457,101529,4592,330,114970,46436,265049,271178
202211,공항철도 1호선,검암,79326,26173,63632,39872,27486,67051,8286,486,10415,52684,161659,119215
202211,공항철도 1호선,계양,164169,15071,124907,62610,29378,133949,11189,841,10798,96477,311063,174999
202211,공항철도 1호선,공덕,15464,17461,22391,31301,20480,29934,1715,121,10917,17424,50487,66307
202211,공항철도 1호선,공항화물청사,5399,41613,13567,14904,32111,4154,552,547,7856,3433,27374,60497
202211,공항철도 1호선,김포공항,28700,54012,137765,80550,74547,33011,2353,1810,67969,9267,236787,145639
202211,공항철도 1호선,디지털미디어시티,48150,134436,87248,121332,180544,63505,3940,964,57480,34275,196818,291007
202211,공항철도 1호선,마곡나루,38012,113643,65196,77624,130137,43822,2350,912,32032,28077,137590,220256
202211,공항철도 1호선,서울역,30103,61490,122839,128673,91930,59651,3692,1371,64697,35127,221331,226661
202211,공항철도 1호선,영종,36839,9473,44972,28970,13546,35623,3175,119,5929,29905,90915,68467
202211,공항철도 1호선,운서,77265,31406,90105,62676,37572,76979,10577,645,20150,70691,198097,165418
202211,공항철도 1호선,인천공항1터미널,37472,72045,105424,120429,73622,39793,5181,6361,49608,26212,197685,225047
202211,공항철도 1호선,인천공항2터미널,16085,36389,31204,41662,39699,12322,3697,2531,16355,5278,67341,85860
202211,공항철도 1호선,청라국제도시,73134,31607,65259,40539,42200,64297,5129,147,10603,50218,154125,122511
202211,공항철도 1호선,홍대입구,29879,38801,105627,169016,100056,96013,4672,301,104582,42147,244760,250265
202210,공항철도 1호선,검암,74702,25770,67454,43342,28052,63959,8471,594,10855,54455,161482,124161
202210,공항철도 1호선,계양,151898,15063,130083,65337,30796,125018,11076,1077,11871,97254,304928,178731
202210,공항철도 1호선,공덕,14981,16255,22825,31949,19173,28659,1715,134,11427,17661,50948,65999
202210,공항철도 1호선,공항화물청사,5581,39126,13736,15336,29800,4333,531,628,7947,3557,27795,58647
202210,공항철도 1호선,김포공항,27163,57665,157336,87128,84980,35912,2444,1780,77876,9381,264819,155954
202210,공항철도 1호선,디지털미디어시티,45823,122546,86798,119143,164897,60781,3932,876,57199,35007,193752,277572
202210,공항철도 1호선,마곡나루,35176,99072,65000,76536,113825,43402,2419,837,32698,29248,135293,205693
202210,공항철도 1호선,서울역,30816,62843,129077,134700,94170,61786,3777,1838,70613,37431,234283,236812
202210,공항철도 1호선,영종,35451,9795,48300,32743,15556,35670,3288,167,6965,30928,94004,73633
202210,공항철도 1호선,운서,75445,30315,93660,67378,37772,74390,10051,609,19598,71448,198754,169750
202210,공항철도 1호선,인천공항1터미널,36333,78002,107889,102600,73835,43074,4291,5394,39451,18088,187964,204084
202210,공항철도 1호선,인천공항2터미널,16229,36992,34172,43761,41430,12688,4251,2436,15888,5534,70540,88723
202210,공항철도 1호선,청라국제도시,69592,30418,67978,42248,41115,61557,5100,165,11614,51300,154284,124131
202210,공항철도 1호선,홍대입구,30566,36224,114143,185754,107768,97262,5383,356,110260,45855,260352,268189
202209,공항철도 1호선,검암,73512,24748,60279,38260,26919,62167,7508,487,10112,51352,151411,114847
202209,공항철도 1호선,계양,146451,14391,115600,59755,28986,118446,9647,861,10890,89072,282588,164079
202209,공항철도 1호선,공덕,14087,15957,20457,28179,18872,26655,1522,127,10310,16130,46376,60393
202209,공항철도 1호선,공항화물청사,5262,39492,12933,14722,29283,4224,534,598,8236,3233,26965,58045
202209,공항철도 1호선,김포공항,23887,53833,140319,80674,80721,34858,2214,1545,69994,8900,236414,144952
202209,공항철도 1호선,디지털미디어시티,44567,124028,82009,111047,161435,58149,3563,709,62391,32078,192530,267862
202209,공항철도 1호선,마곡나루,34122,96650,57819,63929,109244,37718,2214,750,27959,26922,122114,188251
202209,공항철도 1호선,서울역,26823,54961,107297,113493,82366,55794,3007,1202,60961,32517,198088,202173
202209,공항철도 1호선,영종,33575,9528,42653,29128,13924,32726,2976,148,6442,28175,85646,66979
202209,공항철도 1호선,운서,70380,28518,82497,60574,36519,67583,8832,539,18900,65372,180609,155003
202209,공항철도 1호선,인천공항1터미널,29754,67457,88491,85772,62786,40029,3346,4573,37474,16632,159065,174434
202209,공항철도 1호선,인천공항2터미널,14354,35339,31509,39108,39841,11313,3341,2184,13699,5161,62903,81792
202209,공항철도 1호선,청라국제도시,68232,30020,60944,38885,40549,59322,4579,135,11289,47895,145044,116935
202209,공항철도 1호선,홍대입구,28363,35497,94522,163648,95558,90521,4242,281,103173,41166,230300,240592
202208,공항철도 1호선,검암,73757,24427,58688,36338,26316,63254,7832,535,9676,50360,149953,111660
202208,공항철도 1호선,계양,141568,13423,109182,53105,26109,118534,9928,835,10207,86903,270885,154266
202208,공항철도 1호선,공덕,13936,16003,21276,28385,18633,27400,1625,139,10515,15933,47352,60460
202208,공항철도 1호선,공항화물청사,5579,42433,12753,15051,32294,4041,483,738,8961,3341,27776,61563
202208,공항철도 1호선,김포공항,25728,55684,148124,85088,83661,35048,2570,1575,72301,8820,248723,151167
202208,공항철도 1호선,디지털미디어시티,43879,129479,77128,108555,171431,56507,3796,817,53706,31733,178509,270584
202208,공항철도 1호선,마곡나루,31664,95814,49836,58299,109332,35189,2311,781,27729,23984,111540,178878
202208,공항철도 1호선,서울역,26801,53954,106728,116322,80047,53680,3232,1196,56364,31883,193125,203355
202208,공항철도 1호선,영종,32909,9714,43175,29866,13625,32335,3051,167,6978,27769,86113,67516
202208,공항철도 1호선,운서,70124,28907,82310,63116,35830,66864,9111,656,19395,64255,180940,156934
202208,공항철도 1호선,인천공항1터미널,31925,69212,102583,97249,69400,40487,4190,4800,42134,17556,180832,188817
202208,공항철도 1호선,인천공항2터미널,13661,33359,34940,43119,41823,11571,3090,2179,14493,5020,66184,83677
202208,공항철도 1호선,청라국제도시,66875,31122,60499,35917,40790,59225,4611,156,11384,47883,143369,115078
202208,공항철도 1호선,홍대입구,27069,34102,97265,175070,98448,89485,4361,324,103696,37647,232391,247143
202207,공항철도 1호선,검암,75553,25084,62025,38172,27091,64064,7887,469,10927,53818,156392,117543
202207,공항철도 1호선,계양,142112,14320,112347,54384,27669,117015,9909,935,11173,89783,275541,159422
202207,공항철도 1호선,공덕,14070,16226,21379,28992,18856,27771,1623,130,10451,16590,47523,61938
202207,공항철도 1호선,공항화물청사,5843,42781,12804,15404,32893,4132,430,676,8580,3394,27657,62255
202207,공항철도 1호선,김포공항,25034,57002,153047,88063,88234,35651,2397,1714,78250,9619,258728,156398
202207,공항철도 1호선,디지털미디어시티,45603,133655,80146,110403,173596,59244,3733,852,61410,33875,190892,278785
202207,공항철도 1호선,마곡나루,32887,99826,52493,60920,112874,36060,2284,885,28703,25537,116367,187168
202207,공항철도 1호선,서울역,26998,53711,107973,114287,78210,54716,3192,1186,55953,34766,194116,203950
202207,공항철도 1호선,영종,33063,9975,44234,30111,14053,32656,3010,170,7260,28829,87567,69085
202207,공항철도 1호선,운서,69463,29299,84588,63158,37462,67981,9012,598,21045,65258,184108,158313
202207,공항철도 1호선,인천공항1터미널,30239,65868,91295,92490,63765,37456,3997,4547,36427,17281,161958,180186
202207,공항철도 1호선,인천공항2터미널,14277,33904,34965,44341,40136,11390,2720,2207,12929,4942,64891,85394
202207,공항철도 1호선,청라국제도시,70577,32488,63368,38815,42492,60395,4743,201,12374,50686,151062,122190
202207,공항철도 1호선,홍대입구,28529,34414,97801,178016,100231,90931,4551,353,110371,39612,241252,252395
202206,공항철도 1호선,검암,74367,24660,62108,38728,26740,62982,7500,489,10691,52953,154666,116830
202206,공항철도 1호선,계양,137714,14305,109980,54050,26910,113355,9645,920,10964,87639,268303,156914
202206,공항철도 1호선,공덕,14171,15434,20060,28240,17690,26484,1499,123,10382,15409,46112,59206
202206,공항철도 1호선,공항화물청사,5548,40544,12825,15324,30509,4083,383,669,8238,3229,26994,59766
202206,공항철도 1호선,김포공항,25330,58161,155738,88279,87134,34724,2340,1723,77877,9708,261285,157871
202206,공항철도 1호선,디지털미디어시티,45187,130599,79420,111611,167283,58913,3545,829,64915,33216,193067,276255
202206,공항철도 1호선,마곡나루,33177,98803,54986,64418,111334,37088,2266,828,29432,26895,119861,190944
202206,공항철도 1호선,서울역,26645,54023,102698,115017,79609,53133,2898,1076,56027,33896,188268,204012
202206,공항철도 1호선,영종,29190,9377,41945,28860,13519,29164,2616,177,6799,26436,80550,64850
202206,공항철도 1호선,운서,65127,28293,79657,59034,35558,63972,8233,555,20764,60048,173781,147930
202206,공항철도 1호선,인천공항1터미널,26364,60302,73758,77543,58740,25445,3016,3576,24274,14922,127412,156343
202206,공항철도 1호선,인천공항2터미널,12088,30509,27346,33659,34657,10491,1985,2000,11220,4323,52639,70491
202206,공항철도 1호선,청라국제도시,73056,31240,62804,38729,41255,61672,4604,199,11512,51353,151976,121521
202206,공항철도 1호선,홍대입구,28009,33540,88817,158947,90007,84067,4246,387,100919,36730,221991,229604
202205,공항철도 1호선,검암,78084,25529,67288,40820,28184,67711,7157,438,11303,56795,163832,123582
202205,공항철도 1호선,계양,143167,15030,117787,58545,29185,116276,9540,897,11696,95690,282190,170162
202205,공항철도 1호선,공덕,14141,15908,20590,28260,18209,27012,1430,137,10504,16503,46665,60808
202205,공항철도 1호선,공항화물청사,5607,41586,13621,16818,31527,3967,393,585,8376,3259,27997,62248
202205,공항철도 1호선,김포공항,26364,58642,160907,90526,91794,37059,2269,1785,78781,9901,268321,160854
202205,공항철도 1호선,디지털미디어시티,47353,133430,81584,112961,170596,59307,3279,772,59403,35188,191619,282351
202205,공항철도 1호선,마곡나루,34793,101748,61949,71719,115129,40095,2223,803,29904,30193,128869,204463
202205,공항철도 1호선,서울역,27527,54287,103017,113473,78449,56915,3013,944,58004,35146,191561,203850
202205,공항철도 1호선,영종,31228,10162,44641,30440,15189,31421,2509,212,6891,28878,85269,69692
202205,공항철도 1호선,운서,65387,30497,83008,59517,37111,65788,7352,453,21696,60700,177443,151167
202205,공항철도 1호선,인천공항1터미널,24689,54463,64766,70693,56835,22929,2850,2893,22139,14010,114444,142059
202205,공항철도 1호선,인천공항2터미널,12608,30615,27462,33366,35491,11676,1792,1771,11374,4186,53236,69938
202205,공항철도 1호선,청라국제도시,75851,31894,67096,40678,43010,63418,4520,221,11887,55340,159354,128133
202205,공항철도 1호선,홍대입구,28137,35291,94298,166286,99727,89776,4195,371,106734,38956,233364,240904
202204,공항철도 1호선,검암,71196,23568,60817,37733,25322,61994,6449,399,9537,49673,147999,111373
202204,공항철도 1호선,계양,128741,13373,104675,52713,25872,107191,8200,717,9570,83387,251186,150190
202204,공항철도 1호선,공덕,12850,14553,18072,25246,16827,24423,1216,112,9314,14457,41452,54368
202204,공항철도 1호선,공항화물청사,5300,40456,12606,15017,30234,3682,364,611,7904,3127,26174,59211
202204,공항철도 1호선,김포공항,23217,54932,147118,83628,86224,34314,1942,1725,72140,8571,244417,148856
202204,공항철도 1호선,디지털미디어시티,42871,120175,72174,102611,155512,53365,2778,708,52723,30128,170546,253622
202204,공항철도 1호선,마곡나루,30889,89041,52445,61394,100408,35511,2114,665,24728,25137,110176,176237
202204,공항철도 1호선,서울역,23085,47324,82920,93093,67347,46907,2423,620,46420,27866,154848,168903
202204,공항철도 1호선,영종,27800,8598,38525,27217,13480,27923,2280,127,5842,24566,74447,60508
202204,공항철도 1호선,운서,58783,28445,74030,53483,34098,59523,6188,365,18492,51401,157493,133694
202204,공항철도 1호선,인천공항1터미널,18497,42875,47117,52437,44932,16959,2141,2393,16249,10340,84004,108045
202204,공항철도 1호선,인천공항2터미널,11012,25309,20697,26738,28951,7619,1320,1579,8475,3415,41504,57041
202204,공항철도 1호선,청라국제도시,66917,30086,58054,36308,39907,56397,3563,195,10103,46313,138637,112902
202204,공항철도 1호선,홍대입구,24706,30676,77287,137790,84355,78103,2512,291,89413,31510,193918,200267
202203,공항철도 1호선,검암,63729,21656,52944,33275,22190,55493,5909,323,8184,41581,130766,96835
202203,공항철도 1호선,계양,115994,12390,87643,45620,21686,97204,7627,556,8100,71599,219364,130165
202203,공항철도 1호선,공덕,11210,13320,16141,22067,15220,20486,1078,131,7552,11881,35981,47399
202203,공항철도 1호선,공항화물청사,5345,38964,11962,14399,29253,3675,351,595,8064,2853,25722,56811
202203,공항철도 1호선,김포공항,20892,47559,127395,73093,74287,29936,1798,1619,64015,7815,214100,130086
202203,공항철도 1호선,디지털미디어시티,38397,107527,63826,91113,140623,47631,2515,722,49285,25566,154023,224928
202203,공항철도 1호선,마곡나루,27196,80673,43594,51315,89598,30072,1726,658,20548,20343,93064,152989
202203,공항철도 1호선,서울역,20108,39235,68156,71517,57367,37393,2127,528,34499,21496,124890,132776
202203,공항철도 1호선,영종,24596,7388,32145,22359,11108,24169,1960,102,4891,20866,63592,50715
202203,공항철도 1호선,운서,53167,26501,64805,45914,29662,53954,5352,364,15525,43768,138849,116547
202203,공항철도 1호선,인천공항1터미널,11809,35901,31559,41403,35896,12873,1120,2117,13510,8624,57998,88045
202203,공항철도 1호선,인천공항2터미널,7676,23189,16597,22174,23382,6156,1213,1444,6980,2538,32466,49345
202203,공항철도 1호선,청라국제도시,58359,27713,48788,30765,35584,50141,3344,146,8895,38819,119386,97443
202203,공항철도 1호선,홍대입구,21387,27235,66378,119677,75586,63761,1964,226,77478,25109,167207,172247
202202,공항철도 1호선,검암,54272,18993,51076,31880,19577,48382,5192,257,7072,36023,117612,87153
202202,공항철도 1호선,계양,96193,9560,78981,39070,18054,82801,6282,544,7281,62032,188737,111206
202202,공항철도 1호선,공덕,9847,11308,15300,21289,13204,18675,869,127,7206,10586,33222,43310
202202,공항철도 1호선,공항화물청사,4719,34086,10311,12490,25448,3145,279,461,7139,2616,22448,49653
202202,공항철도 1호선,김포공항,21480,42795,135328,70700,74090,31912,1398,1526,68461,6999,226667,122020
202202,공항철도 1호선,디지털미디어시티,31789,91896,59076,81006,122981,41234,2212,629,40025,22002,133102,195533
202202,공항철도 1호선,마곡나루,21661,66470,38807,44156,73086,24828,1437,553,16986,16201,78891,127380
202202,공항철도 1호선,서울역,17603,33495,66838,68171,50523,32442,1702,411,32239,18361,118382,120438
202202,공항철도 1호선,영종,19523,5970,30299,20690,9393,20702,1676,84,4426,18111,55924,44855
202202,공항철도 1호선,운서,43399,22199,58919,42538,25132,46039,4455,300,13719,38115,120492,103152
202202,공항철도 1호선,인천공항1터미널,9784,30889,26887,37834,29794,10840,575,1814,12143,6399,49389,76936
202202,공항철도 1호선,인천공항2터미널,5805,19279,14542,19470,18467,5200,577,1270,6253,2261,27177,42280
202202,공항철도 1호선,청라국제도시,48514,23819,44158,27506,30545,41957,2754,112,8134,33865,103560,85302
202202,공항철도 1호선,홍대입구,17847,22725,65905,123781,71309,53978,1622,197,69044,20919,154418,167622
202201,공항철도 1호선,검암,64184,22084,58570,34905,23220,57133,5853,243,8969,43833,137576,101065
202201,공항철도 1호선,계양,114059,10390,93315,45108,20833,96833,7338,602,8441,76207,223153,132307
202201,공항철도 1호선,공덕,11809,13119,17933,24250,15673,22550,1002,139,8509,12380,39253,49888
202201,공항철도 1호선,공항화물청사,5086,38826,11871,14390,28809,3452,380,542,7830,3059,25167,56817
202201,공항철도 1호선,김포공항,23530,51887,144879,84177,80278,36240,1536,1829,75312,8645,245257,146538
202201,공항철도 1호선,디지털미디어시티,37743,113079,69808,96332,150308,47672,2468,682,51343,26358,161362,236451
202201,공항철도 1호선,마곡나루,26127,81209,46689,54312,92935,29167,1541,693,22241,19881,96598,156095
202201,공항철도 1호선,서울역,20154,40678,76639,82740,58942,40473,2154,515,37712,22907,136659,146840
202201,공항철도 1호선,영종,23177,6377,35661,23343,10279,24398,1803,72,5234,21515,65875,51307
202201,공항철도 1호선,운서,50105,24245,68236,47140,27972,51707,4960,383,16172,44030,139473,115798
202201,공항철도 1호선,인천공항1터미널,11550,35465,33080,45219,35729,12970,814,1920,14478,7990,59922,90594
202201,공항철도 1호선,인천공항2터미널,7340,23010,18349,22276,22058,6088,892,1401,7199,2740,33780,49427
202201,공항철도 1호선,청라국제도시,58562,27083,53172,33177,35852,50519,3284,110,9621,42156,124639,102526
202201,공항철도 1호선,홍대입구,21105,27214,75484,146939,83662,63374,2026,228,88142,24667,186757,199048
202112,공항철도 1호선,검암,69852,25047,61755,37811,26160,61708,6341,350,9289,46357,147237,109565
202112,공항철도 1호선,계양,124327,12412,95649,48119,23801,103805,7579,521,8824,77973,236379,139025
202112,공항철도 1호선,공덕,12423,14588,18325,25577,16998,24393,1157,139,8901,13015,40806,53319
202112,공항철도 1호선,공항화물청사,5159,41827,12732,15791,30766,3702,360,625,8761,3115,27012,61358
202112,공항철도 1호선,김포공항,24672,54212,142354,83601,83847,37378,1754,1784,74376,9513,243156,149110
202112,공항철도 1호선,디지털미디어시티,40764,120078,76022,105290,159734,51827,2657,664,49961,27800,169404,253832
202112,공항철도 1호선,마곡나루,29415,83075,50098,55128,91012,31888,1576,720,21243,21567,102332,160490
202112,공항철도 1호선,서울역,21612,44233,79493,88689,65649,44889,2412,522,42240,23789,145757,157233
202112,공항철도 1호선,영종,25164,7224,35176,23738,11130,25842,1915,111,5240,22146,67495,53219
202112,공항철도 1호선,운서,53371,26764,69749,49484,31572,54946,5616,391,16302,46085,145038,122724
202112,공항철도 1호선,인천공항1터미널,12398,38366,35999,47953,38372,13593,710,2111,15974,9267,65081,97697
202112,공항철도 1호선,인천공항2터미널,7723,23634,19636,23860,23041,6626,1001,1484,7544,3305,35904,52283
202112,공항철도 1호선,청라국제도시,63640,29879,54678,35249,39494,54442,3514,133,9904,42773,131736,108034
202112,공항철도 1호선,홍대입구,23679,30224,77727,139875,82904,73146,2482,241,84361,27831,188249,198171
202111,공항철도 1호선,검암,73089,24905,61962,38820,28094,63795,6551,441,10072,49404,151674,113570
202111,공항철도 1호선,계양,129491,13143,97797,48868,25260,106573,7920,554,8774,79650,243982,142215
202111,공항철도 1호선,공덕,13182,14806,18193,25448,17592,25431,1193,154,9040,13410,41608,53818
202111,공항철도 1호선,공항화물청사,4885,41251,12349,15950,30468,3688,369,598,8649,3192,26252,60991
202111,공항철도 1호선,김포공항,27426,55519,148058,86630,88736,38042,1819,1608,77687,9490,254990,153247
202111,공항철도 1호선,디지털미디어시티,43056,124469,74617,109036,169040,53829,2671,646,53023,28832,173367,262983
202111,공항철도 1호선,마곡나루,30276,87332,51453,58885,99313,34135,1756,701,24123,23684,107608,170602
202111,공항철도 1호선,서울역,23592,49094,83273,94181,69599,47757,2480,641,45719,25359,155064,169275
202111,공항철도 1호선,영종,26113,8209,36798,25035,12266,26442,2218,140,5310,23040,70439,56424
202111,공항철도 1호선,운서,54451,26901,70024,49591,32201,55847,5870,415,17562,47400,147907,124307
202111,공항철도 1호선,인천공항1터미널,12010,37579,35920,45618,39757,14083,1074,2062,14864,8995,63868,94254
202111,공항철도 1호선,인천공항2터미널,7777,23389,18739,23140,24294,6301,1255,1294,6590,3092,34361,50915
202111,공항철도 1호선,청라국제도시,66415,30005,56284,35589,39970,56164,3614,127,10057,45495,136370,111216
202111,공항철도 1호선,홍대입구,24462,30669,74572,133780,82501,78068,2797,270,85176,29495,187007,194214
202110,공항철도 1호선,검암,64669,22773,61121,38472,25857,58728,6588,487,9966,46022,142344,107754
202110,공항철도 1호선,계양,109944,12128,96651,49639,23633,93893,7579,583,8866,73863,223040,136213
202110,공항철도 1호선,공덕,11067,12993,18206,25052,15738,21184,1322,155,8320,12252,38915,50452
202110,공항철도 1호선,공항화물청사,4891,37555,12780,15810,27201,3551,426,533,8355,3093,26452,56991
202110,공항철도 1호선,김포공항,23772,52622,148354,89138,85590,38810,1908,2030,79840,9258,253874,153048
202110,공항철도 1호선,디지털미디어시티,38119,101943,71147,98219,139282,47872,2792,619,45794,26495,157852,227276
202110,공항철도 1호선,마곡나루,26357,72138,47869,53778,82787,30617,1714,718,21308,21396,97248,148030
202110,공항철도 1호선,서울역,20925,42407,77744,87425,63312,44017,2405,543,42290,23729,143364,154104
202110,공항철도 1호선,영종,23664,8125,36845,27482,12527,25217,2226,133,6051,21843,68786,57583
202110,공항철도 1호선,운서,49587,26074,71036,52114,31515,52307,5398,415,16090,45014,142111,123617
202110,공항철도 1호선,인천공항1터미널,10808,33756,33505,43793,36865,12635,1296,1864,13872,8224,59481,87637
202110,공항철도 1호선,인천공항2터미널,6961,20767,17126,21842,21914,5815,1313,1273,5894,3138,31294,47020
202110,공항철도 1호선,청라국제도시,57019,26182,53877,34793,34702,49718,3175,118,9993,40867,124064,101960
202110,공항철도 1호선,홍대입구,21697,27590,73961,134918,81983,66966,2425,238,82967,27039,181050,189785
202109,공항철도 1호선,검암,60389,21949,55205,35260,24150,55035,5971,368,8724,40272,130289,97849
202109,공항철도 1호선,계양,99070,11238,81838,43104,20755,85669,6786,464,7923,62738,195617,117544
202109,공항철도 1호선,공덕,10327,12410,15542,20826,14441,18304,1117,173,6928,10329,33914,43738
202109,공항철도 1호선,공항화물청사,4621,35496,11588,14617,26321,3365,380,450,8043,2823,24632,53386
202109,공항철도 1호선,김포공항,20810,48055,127542,75339,76408,31734,1675,1621,68424,8241,218451,133256
202109,공항철도 1호선,디지털미디어시티,35656,94375,62993,86278,127233,42896,2620,592,37350,22352,138619,203597
202109,공항철도 1호선,마곡나루,24272,63947,40222,45237,72253,27574,1616,637,18621,17556,84731,127377
202109,공항철도 1호선,서울역,19047,36298,65679,71204,52605,35443,2060,519,32523,19213,119309,127234
202109,공항철도 1호선,영종,21747,7342,32224,24510,10843,22617,1903,118,5423,18645,61297,50615
202109,공항철도 1호선,운서,45014,24774,62146,47569,28933,46673,4998,384,14327,39117,126485,111844
202109,공항철도 1호선,인천공항1터미널,10451,32099,30233,41167,33393,11784,1078,1869,13584,6844,55346,81979
202109,공항철도 1호선,인천공항2터미널,6446,19300,16697,21198,20634,5690,1134,1190,6140,3085,30417,44773
202109,공항철도 1호선,청라국제도시,52065,24324,46677,31126,31405,46062,2837,89,9192,34504,110771,90043
202109,공항철도 1호선,홍대입구,19805,26288,64079,117595,73222,56527,2351,261,69154,22686,155389,166830
202108,공항철도 1호선,검암,63103,21827,52181,32898,23712,57266,6226,389,8035,38614,129545,93728
202108,공항철도 1호선,계양,98608,11032,77644,40988,19177,88174,6992,461,7725,59269,190969,111750
202108,공항철도 1호선,공덕,10498,12482,15538,21465,14886,18373,1106,170,6787,9990,33929,44107
202108,공항철도 1호선,공항화물청사,4889,37457,11639,14576,27869,3370,411,520,8119,2833,25058,55386
202108,공항철도 1호선,김포공항,21385,49661,129174,76341,78632,32737,1592,1648,70476,8482,222627,136132
202108,공항철도 1호선,디지털미디어시티,36684,98386,61989,87677,134981,43678,2720,573,37362,21914,138755,208550
202108,공항철도 1호선,마곡나루,24085,64395,36373,42298,73958,26977,1610,777,17352,16014,79420,123484
202108,공항철도 1호선,서울역,19500,36509,64285,71990,53794,34780,2048,499,32175,18127,118008,127125
202108,공항철도 1호선,영종,22218,7465,30844,23956,10324,22502,1976,95,5585,17677,60623,49193
202108,공항철도 1호선,운서,45273,25514,58787,46354,29164,46971,5148,422,14207,37063,123415,109353
202108,공항철도 1호선,인천공항1터미널,10442,32313,33088,46757,35875,12428,1003,2037,14744,6790,59277,87897
202108,공항철도 1호선,인천공항2터미널,7031,21093,21630,27689,23438,6787,1067,1330,7042,3104,36770,53216
202108,공항철도 1호선,청라국제도시,54070,25227,44283,30120,32433,48202,3132,132,9307,33213,110792,88692
202108,공항철도 1호선,홍대입구,20296,26466,63830,116205,72822,53096,2298,339,62985,21713,149409,164723
202107,공항철도 1호선,검암,68069,24135,51114,33052,24951,59175,6725,338,8771,40817,134679,98342
202107,공항철도 1호선,계양,103307,11800,76737,40350,19618,89041,7758,544,8123,60145,195925,112839
202107,공항철도 1호선,공덕,11076,13447,15642,20985,15742,19339,1213,220,7296,10712,35227,45364
202107,공항철도 1호선,공항화물청사,5093,39879,12200,15187,30059,3714,416,526,8337,2957,26046,58549
202107,공항철도 1호선,김포공항,22463,52108,129329,79881,78724,34066,1862,1730,70633,8168,224287,141887
202107,공항철도 1호선,디지털미디어시티,39682,107905,63052,89667,145070,46080,3047,672,41567,23177,147348,221421
202107,공항철도 1호선,마곡나루,26262,71427,36852,43021,78944,28274,1687,758,19861,16936,84662,132142
202107,공항철도 1호선,서울역,20317,39469,61820,69715,54597,35176,2236,468,32345,17729,116718,127381
202107,공항철도 1호선,영종,23668,7863,29740,22525,10358,23164,2207,126,5689,18649,61304,49163
202107,공항철도 1호선,운서,46997,26663,56378,44397,29785,47247,5337,379,15352,36936,124064,108375
202107,공항철도 1호선,인천공항1터미널,10367,33801,30799,43974,35816,12527,836,2213,14079,6893,56081,86881
202107,공항철도 1호선,인천공항2터미널,6852,21341,20221,26835,23676,6144,1049,1249,6406,3071,34528,52496
202107,공항철도 1호선,청라국제도시,59049,27825,43228,29740,34660,50446,3535,125,10058,35259,115870,92949
202107,공항철도 1호선,홍대입구,21463,28106,60358,102864,64817,52148,2339,405,60042,22891,144202,154266
202106,공항철도 1호선,검암,74171,23893,57354,34669,25785,63892,6826,404,10362,49438,148713,108404
202106,공항철도 1호선,계양,114829,12486,87118,43350,22244,93033,7967,598,9260,72695,219174,129129
202106,공항철도 1호선,공덕,12346,14375,17024,23446,16937,22882,1351,199,9276,13010,39997,51030
202106,공항철도 1호선,공항화물청사,5042,40974,12576,15748,31052,3604,405,476,8238,2946,26261,60144
202106,공항철도 1호선,김포공항,24974,55226,141803,81974,81504,35876,1793,1787,72520,9372,241090,148359
202106,공항철도 1호선,디지털미디어시티,44104,122717,70851,103209,162709,51793,3230,749,53840,28669,172025,255344
202106,공항철도 1호선,마곡나루,29689,82797,44613,53417,93299,32196,1614,819,26075,22872,101991,159905
202106,공항철도 1호선,서울역,22279,44042,72519,79698,61959,39650,2322,614,39542,22824,136662,147178
202106,공항철도 1호선,영종,26148,8093,33957,24628,11393,24925,2445,169,6396,23359,68946,56249
202106,공항철도 1호선,운서,49322,27362,62316,47100,31913,50204,5215,362,17972,43744,134825,118568
202106,공항철도 1호선,인천공항1터미널,9674,33997,26119,39197,33683,11762,550,2063,13004,6633,49347,81890
202106,공항철도 1호선,인천공항2터미널,6101,20534,14923,20081,20455,5890,810,1241,5969,2844,27803,44700
202106,공항철도 1호선,청라국제도시,65952,29231,50613,32217,37223,53821,3661,135,10830,44251,131056,105834
202106,공항철도 1호선,홍대입구,23790,30597,70204,128502,76778,70666,2478,347,91994,28049,188466,187495
202105,공항철도 1호선,검암,67938,21515,60560,37957,25233,60131,6488,375,9983,49529,144969,109376
202105,공항철도 1호선,계양,103704,11740,90147,43990,22922,86307,7527,576,9286,71177,210664,127483
202105,공항철도 1호선,공덕,10901,13009,17459,23406,15671,21368,1124,216,9080,12840,38564,49471
202105,공항철도 1호선,공항화물청사,4967,37928,12307,15121,28390,3527,398,544,7761,2946,25433,56539
202105,공항철도 1호선,김포공항,25105,51828,142114,80971,79475,34868,1779,1700,74321,9335,243319,143834
202105,공항철도 1호선,디지털미디어시티,40398,107551,68735,96359,144366,48774,3075,685,50934,28538,163142,233133
202105,공항철도 1호선,마곡나루,25954,72281,46382,56376,83678,29887,1632,693,23278,21427,97246,150777
202105,공항철도 1호선,서울역,20999,41033,72676,81553,60994,41583,2210,604,41590,24115,137475,147305
202105,공항철도 1호선,영종,23601,7506,35695,25906,11477,23575,2124,167,6260,23300,67680,56879
202105,공항철도 1호선,운서,45791,25399,63722,47721,30657,48143,5246,374,17113,43880,131872,117374
202105,공항철도 1호선,인천공항1터미널,10212,32541,25838,36909,32498,11468,677,2079,12771,5953,49498,77482
202105,공항철도 1호선,인천공항2터미널,6317,19471,14549,18679,19303,5674,730,1274,5667,2487,27263,41911
202105,공항철도 1호선,청라국제도시,58810,25876,52616,32542,34553,50208,3422,115,10664,43369,125512,101902
202105,공항철도 1호선,홍대입구,21430,27197,75369,138199,80954,70442,2403,369,92503,28414,191705,194179
202104,공항철도 1호선,검암,76532,23356,59628,37574,26568,65457,6595,424,9897,49867,152652,111221
202104,공항철도 1호선,계양,114416,11719,86210,43007,22197,92740,7525,572,8649,69909,216800,125207
202104,공항철도 1호선,공덕,11754,14334,16179,22597,16380,22314,1074,189,9241,12475,38248,49595
202104,공항철도 1호선,공항화물청사,4985,40880,12635,15825,30803,3463,374,539,8069,2960,26063,60204
202104,공항철도 1호선,김포공항,25554,54612,137450,81166,79165,35976,1837,1819,71418,9254,236259,146851
202104,공항철도 1호선,디지털미디어시티,44137,121060,69313,100434,161562,52207,2921,724,53685,27816,170056,250034
202104,공항철도 1호선,마곡나루,27598,81740,44195,58731,94553,30844,1475,770,24822,20307,98090,161548
202104,공항철도 1호선,서울역,21245,41840,65774,74713,59809,38430,2117,543,37299,21447,126435,138543
202104,공항철도 1호선,영종,25197,7935,33550,25176,11595,24050,2030,175,5900,22196,66677,55482
202104,공항철도 1호선,운서,47594,26811,61676,47293,31649,48664,5217,366,17095,42067,131582,116537
202104,공항철도 1호선,인천공항1터미널,10083,33292,24932,34407,32387,10979,628,2069,11715,5961,47358,75729
202104,공항철도 1호선,인천공항2터미널,5836,19771,14608,18419,19769,5567,792,1143,5506,2223,26742,41556
202104,공항철도 1호선,청라국제도시,65255,28446,48717,31040,36821,53135,3516,123,10209,42991,127697,102600
202104,공항철도 1호선,홍대입구,22489,29545,64912,113372,72330,66770,2278,334,80640,27165,170319,170416
202103,공항철도 1호선,검암,76346,23330,60664,36597,25805,64545,6402,295,9461,50355,152873,110577
202103,공항철도 1호선,계양,113988,11164,86278,41844,21335,92648,7569,460,8402,71768,216237,125236
202103,공항철도 1호선,공덕,11858,14787,16130,22683,16315,22688,1129,218,9351,12760,38468,50448
202103,공항철도 1호선,공항화물청사,5105,40465,12024,15386,30257,3500,346,525,8124,3033,25599,59409
202103,공항철도 1호선,김포공항,23169,50350,135162,79552,81241,32905,1912,1496,70651,9049,230894,140447
202103,공항철도 1호선,디지털미디어시티,43765,119979,69866,102074,161661,52766,2907,738,55468,28629,172006,251420
202103,공항철도 1호선,마곡나루,26029,82188,42045,55946,95926,29072,1285,862,24521,19492,93880,158488
202103,공항철도 1호선,서울역,21055,40772,66505,74201,59330,39412,2172,571,35893,21444,125625,136988
202103,공항철도 1호선,영종,25114,7598,33847,23467,10989,24634,1975,155,5837,23006,66773,54226
202103,공항철도 1호선,운서,47158,26498,60937,45656,30019,49142,5479,350,17599,41804,131173,114308
202103,공항철도 1호선,인천공항1터미널,10216,34891,26406,36673,34355,11413,928,2191,12315,6296,49865,80051
202103,공항철도 1호선,인천공항2터미널,5973,19729,15570,19105,19984,5615,758,1377,5711,2387,28012,42598
202103,공항철도 1호선,청라국제도시,65738,28242,49339,30913,37061,53348,3421,116,10671,44429,129169,103700
202103,공항철도 1호선,홍대입구,22257,29409,65296,114606,73258,66469,2164,370,80462,26047,170179,170432
202102,공항철도 1호선,검암,59244,18302,50719,30938,21385,51661,5083,205,7965,39581,123011,89026
202102,공항철도 1호선,계양,85895,8244,73157,35164,16337,73705,5619,299,6541,56680,171212,100387
202102,공항철도 1호선,공덕,9184,11124,14220,19432,13030,17867,803,114,7134,10069,31341,40739
202102,공항철도 1호선,공항화물청사,4502,33305,10258,13056,24426,3005,352,436,6805,2459,21917,49256
202102,공항철도 1호선,김포공항,17315,42637,112318,67381,64314,28613,1505,1200,60841,7400,191979,118618
202102,공항철도 1호선,디지털미디어시티,33281,92589,59230,83564,126509,41109,2218,612,43776,22534,138505,199299
202102,공항철도 1호선,마곡나루,18318,59285,32730,42523,69805,21096,998,699,18275,14123,70321,116630
202102,공항철도 1호선,서울역,16368,31385,57107,63163,46133,29763,1487,430,28546,17048,103508,112026
202102,공항철도 1호선,영종,18327,5642,28368,19688,8635,19226,1516,142,4782,18131,52993,43603
202102,공항철도 1호선,운서,36963,20239,52013,39181,24144,39888,4573,293,14101,33767,107650,93480
202102,공항철도 1호선,인천공항1터미널,9016,30148,24772,35351,30985,10392,680,2130,12592,5569,47060,73198
202102,공항철도 1호선,인천공항2터미널,5341,17015,13795,17079,17537,4988,569,1149,5482,2081,25187,37324
202102,공항철도 1호선,청라국제도시,49774,22222,42140,26566,29221,41402,2764,79,8433,34888,103111,83755
202102,공항철도 1호선,홍대입구,17049,21907,58421,103574,64112,50327,1557,284,64473,21012,141500,146777
202101,공항철도 1호선,검암,62409,19992,46431,28687,22191,53520,5465,176,8124,37783,122429,86638
202101,공항철도 1호선,계양,88586,8738,66351,33360,15459,77377,5808,340,6322,52377,167067,94815
202101,공항철도 1호선,공덕,9839,12265,13387,19129,13718,17627,705,178,6596,8977,30527,40549
202101,공항철도 1호선,공항화물청사,4845,37566,10988,13919,27531,2955,351,499,7409,2749,23593,54733
202101,공항철도 1호선,김포공항,16803,37914,81419,54712,58594,24419,1630,1010,48083,6726,147935,100362
202101,공항철도 1호선,디지털미디어시티,34508,95310,56029,84066,133791,40653,2178,635,42322,20699,135037,200710
202101,공항철도 1호선,마곡나루,18398,61830,29823,42407,73950,19961,1070,823,18606,12058,67897,117118
202101,공항철도 1호선,서울역,16688,30154,50000,55233,44190,26641,1462,441,25981,13917,94131,99745
202101,공항철도 1호선,영종,19094,5954,25332,17729,8271,19590,1540,145,4430,15940,50396,39768
202101,공항철도 1호선,운서,38170,21785,49092,38128,25132,40825,4849,356,13485,30959,105596,91228
202101,공항철도 1호선,인천공항1터미널,10166,33523,24997,35557,32946,11144,665,2476,12836,6359,48664,77915
202101,공항철도 1호선,인천공항2터미널,6210,19614,14451,18846,19410,5731,693,1386,6381,2376,27735,42222
202101,공항철도 1호선,청라국제도시,51739,24880,37735,25118,31515,43261,2710,90,8304,31315,100488,81403
202101,공항철도 1호선,홍대입구,17579,23647,50697,83224,53390,42388,1618,311,47775,19232,117669,126414
202012,공항철도 1호선,검암,65452,21040,46353,30674,22014,56090,5853,243,8197,36517,125855,88474
202012,공항철도 1호선,계양,94571,10149,67269,36149,16566,81665,6566,458,6502,49805,174908,96561
202012,공항철도 1호선,공덕,9526,12395,13182,19217,13606,15735,750,176,5830,7866,29288,39654
202012,공항철도 1호선,공항화물청사,4846,38530,11409,14730,28119,3140,395,522,8135,2857,24785,56639
202012,공항철도 1호선,김포공항,17877,40419,83443,61464,57803,27919,1664,1354,52492,7052,155476,110289
202012,공항철도 1호선,디지털미디어시티,35086,94081,57238,82909,126118,39227,2287,606,37310,18315,131921,195911
202012,공항철도 1호선,마곡나루,18817,57692,30586,39980,64932,20200,1111,858,16875,10973,67389,109503
202012,공항철도 1호선,서울역,17052,29887,47077,54369,43279,25950,1748,442,23700,12673,89577,97371
202012,공항철도 1호선,영종,19672,6118,24020,17741,8189,19732,1604,133,4033,14474,49329,38466
202012,공항철도 1호선,운서,37961,23019,48410,39222,25849,40275,4742,344,13153,28862,104266,91447
202012,공항철도 1호선,인천공항1터미널,9608,33207,25261,35479,31421,10938,638,2321,12179,6417,47686,77424
202012,공항철도 1호선,인천공항2터미널,5866,18777,13608,18093,18477,5455,721,1281,6278,2508,26473,40659
202012,공항철도 1호선,청라국제도시,52242,24634,35118,25947,31188,43094,2602,83,8086,27108,98048,77772
202012,공항철도 1호선,홍대입구,17904,24047,48553,72748,48492,39013,1659,301,36044,17664,104160,114760
202011,공항철도 1호선,검암,76278,24244,58929,35440,28183,65214,6851,310,9999,50661,152057,110655
202011,공항철도 1호선,계양,112239,11848,86849,43492,22761,91330,7237,514,8781,66943,215106,122797
202011,공항철도 1호선,공덕,11753,13829,15858,22843,16256,20974,1015,234,8029,11566,36655,48472
202011,공항철도 1호선,공항화물청사,4741,38773,12017,15410,28756,3202,412,437,8119,3125,25289,57745
202011,공항철도 1호선,김포공항,22776,49284,130407,79549,74128,33274,1633,1563,70258,9017,225074,139413
202011,공항철도 1호선,디지털미디어시티,41785,113096,67652,100182,158774,50096,2700,632,50339,25770,162476,239680
202011,공항철도 1호선,마곡나루,23407,73377,41679,52524,86867,26975,1263,854,22798,18365,89147,145120
202011,공항철도 1호선,서울역,21121,41165,67527,80919,62116,38793,2216,601,38219,19686,129083,142371
202011,공항철도 1호선,영종,24381,7025,31053,21324,10479,23642,1980,129,5054,21191,62468,49669
202011,공항철도 1호선,운서,42405,25180,58224,43094,29560,45468,5299,346,16855,39273,122783,107893
202011,공항철도 1호선,인천공항1터미널,9614,33635,27432,36622,32608,10902,666,2312,12002,6179,49714,78748
202011,공항철도 1호선,인천공항2터미널,5893,18501,13512,17473,18400,5153,618,1302,6196,2205,26219,39481
202011,공항철도 1호선,청라국제도시,63294,26943,47396,30391,36375,51485,3260,66,9598,40388,123548,97788
202011,공항철도 1호선,홍대입구,21637,27573,61989,105368,67678,65906,2454,363,69371,26604,155451,159908
202010,공항철도 1호선,검암,72544,23672,61917,39269,28939,63495,7210,351,10640,51869,152311,115161
202010,공항철도 1호선,계양,106147,12194,89007,44391,24621,87503,6924,584,9821,67006,211899,124175
202010,공항철도 1호선,공덕,10890,12889,15624,22135,15446,20144,943,164,8308,11705,35765,46893
202010,공항철도 1호선,공항화물청사,5065,37132,12368,15769,27165,3287,418,467,7923,3054,25774,56422
202010,공항철도 1호선,김포공항,19321,46604,125249,77256,75068,32814,1676,1563,65542,8569,211788,133992
202010,공항철도 1호선,디지털미디어시티,38327,104984,65621,94232,144897,47609,2736,615,49664,26208,156348,226039
202010,공항철도 1호선,마곡나루,22486,68580,40214,51889,83478,27506,1250,774,22975,19434,86925,140677
202010,공항철도 1호선,서울역,20125,37511,67136,76382,58438,35956,2163,542,37326,19756,126750,134191
202010,공항철도 1호선,영종,23290,7126,32606,23450,11471,23678,1971,181,5713,21512,63580,52269
202010,공항철도 1호선,운서,41004,25024,61315,46719,31546,45533,5532,322,16937,41013,124788,113078
202010,공항철도 1호선,인천공항1터미널,10136,34932,29133,41095,35334,11197,634,2388,12909,6363,52812,84778
202010,공항철도 1호선,인천공항2터미널,6037,18220,13612,18156,18522,5251,612,1330,6252,2222,26513,39928
202010,공항철도 1호선,청라국제도시,58808,25125,48408,31776,35212,48197,3091,100,10537,40095,120844,97096
202010,공항철도 1호선,홍대입구,20606,26521,62038,112475,70083,67962,2569,316,77348,28546,162561,167858
202009,공항철도 1호선,검암,67789,21905,48071,31351,24233,58136,6490,351,9233,42723,131583,96330
202009,공항철도 1호선,계양,96671,10857,69624,35461,19595,82305,6532,639,8187,53992,181014,100949
202009,공항철도 1호선,공덕,9838,11494,12934,18188,14063,16322,778,150,6727,8900,30277,38732
202009,공항철도 1호선,공항화물청사,4795,37688,11572,15227,27378,3007,407,572,8039,2990,24813,56477
202009,공항철도 1호선,김포공항,16185,37111,87155,59592,58145,26511,1600,1232,45526,6834,150466,104769
202009,공항철도 1호선,디지털미디어시티,34135,95438,54368,79615,126072,40328,2518,579,40386,20069,131407,195701
202009,공항철도 1호선,마곡나루,20187,60905,31573,41142,72643,22891,1052,806,20271,14451,73083,117304
202009,공항철도 1호선,서울역,17920,32102,47820,57168,45794,28576,1836,520,26817,14818,94393,104608
202009,공항철도 1호선,영종,21092,6668,25158,18938,9415,20294,1688,119,5160,17418,53098,43143
202009,공항철도 1호선,운서,37538,22649,50797,39529,28022,40331,5226,313,14896,32272,108457,94763
202009,공항철도 1호선,인천공항1터미널,9767,33987,25223,34495,31973,10769,1204,2314,12006,6227,48200,77023
202009,공항철도 1호선,인천공항2터미널,5460,17750,13564,17949,18348,4694,570,1283,6333,2074,25927,39056
202009,공항철도 1호선,청라국제도시,52873,24612,36933,24956,30915,43879,2872,66,9107,31162,101785,80796
202009,공항철도 1호선,홍대입구,18347,24710,48100,80832,55153,48095,2218,385,54005,20839,122670,126766
202008,공항철도 1호선,검암,69114,21310,52850,31925,25251,58414,6471,370,9668,48041,138103,101646
202008,공항철도 1호선,계양,98145,10319,77260,37021,20011,82692,6679,603,8777,61471,190861,109414
202008,공항철도 1호선,공덕,10548,11643,14712,19487,14317,18727,837,149,7310,10959,33407,42238
202008,공항철도 1호선,공항화물청사,4957,37469,11076,14845,27849,2978,369,555,7850,3018,24252,55887
202008,공항철도 1호선,김포공항,21608,45418,118065,71289,66217,32277,1591,1268,58034,7946,199298,125921
202008,공항철도 1호선,디지털미디어시티,35332,98107,57283,83413,132853,42497,2531,519,42726,23176,137872,205215
202008,공항철도 1호선,마곡나루,20180,59674,33278,43455,75141,22723,1141,613,19504,16341,74103,120083
202008,공항철도 1호선,서울역,19540,36496,65507,75915,55150,33204,1869,588,35594,18570,122510,131569
202008,공항철도 1호선,영종,21327,6681,29580,20359,9847,21192,1809,120,5638,19641,58354,46801
202008,공항철도 1호선,운서,39006,22428,56125,42591,28781,43477,5559,317,16329,37919,117019,103255
202008,공항철도 1호선,인천공항1터미널,10646,37946,31310,41436,36973,11629,734,2582,14110,6818,56800,88782
202008,공항철도 1호선,인천공항2터미널,6183,19728,14677,17995,20122,5140,611,1299,6852,2422,28323,41444
202008,공항철도 1호선,청라국제도시,54508,24351,42897,27167,31593,45446,3123,84,9279,36029,109807,87631
202008,공항철도 1호선,홍대입구,20059,24753,58341,100794,61511,56278,2532,358,65029,24750,145961,150655
202007,공항철도 1호선,검암,84745,24247,60977,36622,29560,69311,7512,456,12013,58870,165247,120195
202007,공항철도 1호선,계양,118797,11753,89050,41611,23626,95398,7558,668,10222,74560,225627,128592
202007,공항철도 1호선,공덕,12351,14456,16433,22713,16928,22664,890,193,9326,13265,39000,50627
202007,공항철도 1호선,공항화물청사,5177,43301,12612,16222,32442,3014,424,576,8375,3368,26588,63467
202007,공항철도 1호선,김포공항,23686,49090,120839,72466,70412,32188,1833,1381,54179,9146,200537,132083
202007,공항철도 1호선,디지털미디어시티,42699,121603,65749,99552,165614,51661,2838,580,54886,28143,166172,249878
202007,공항철도 1호선,마곡나루,25169,75472,39492,52602,96607,27925,1297,713,26756,20709,92714,149496
202007,공항철도 1호선,서울역,22026,42689,69891,81730,63895,40034,2060,651,40942,21976,134919,147046
202007,공항철도 1호선,영종,25543,7681,32700,22021,11031,24569,2138,199,6362,24224,66743,54125
202007,공항철도 1호선,운서,45844,24863,62049,46664,32840,49724,6165,355,19548,44726,133606,116608
202007,공항철도 1호선,인천공항1터미널,10751,40847,32356,42021,40495,12340,745,2664,14525,6974,58377,92506
202007,공항철도 1호선,인천공항2터미널,5995,20037,13875,16967,20393,5223,746,1430,7019,2703,27635,41137
202007,공항철도 1호선,청라국제도시,67585,29007,49942,30785,37886,54496,3770,66,11064,45730,132361,105588
202007,공항철도 1호선,홍대입구,23362,30015,62510,114749,72297,74353,2905,458,87292,30020,176069,175242
202006,공항철도 1호선,검암,81157,22562,55887,34780,27604,66271,7151,524,11141,53721,155336,111587
202006,공항철도 1호선,계양,113511,11325,79915,38869,21205,90023,7371,621,9458,68409,210255,119224
202006,공항철도 1호선,공덕,11527,13563,14567,21287,15704,20890,1025,146,8642,12031,35761,47027
202006,공항철도 1호선,공항화물청사,5152,42012,12100,15622,31835,3166,461,527,7892,3110,25605,61271
202006,공항철도 1호선,김포공항,21047,43649,102258,64356,63777,27157,1822,1371,48643,8118,173770,117494
202006,공항철도 1호선,디지털미디어시티,40705,113876,61658,93395,151370,48788,2769,539,51957,25533,157089,233343
202006,공항철도 1호선,마곡나루,23560,72893,36345,48759,92618,26114,1244,619,24551,18023,85700,140294
202006,공항철도 1호선,서울역,20547,40249,59820,70591,57100,34851,1983,656,35613,18393,117963,129889
202006,공항철도 1호선,영종,24318,7334,28283,19358,10097,22492,2112,211,5775,21862,60488,48765
202006,공항철도 1호선,운서,42417,24536,55971,43063,30671,44921,5837,395,17954,40095,122179,108089
202006,공항철도 1호선,인천공항1터미널,9887,37634,28031,35368,37866,10799,676,2449,13714,5804,52308,81255
202006,공항철도 1호선,인천공항2터미널,5400,20151,13110,14427,19705,4896,682,1409,6859,2504,26051,38491
202006,공항철도 1호선,청라국제도시,63513,27010,42974,27356,34045,50762,3559,115,9799,40516,119845,94997
202006,공항철도 1호선,홍대입구,21517,29061,53046,93983,62092,60325,2550,395,69126,26151,146239,149590
202005,공항철도 1호선,검암,72209,20441,57210,36155,26082,61189,6837,399,10827,51295,147083,108290
202005,공항철도 1호선,계양,101077,10630,81889,39860,21594,82761,6224,592,9724,65923,198914,117005
202005,공항철도 1호선,공덕,9907,11659,14648,20694,14009,19622,927,142,8259,11540,33741,44035
202005,공항철도 1호선,공항화물청사,5080,39349,12288,15619,28663,3129,389,462,7559,3011,25316,58441
202005,공항철도 1호선,김포공항,17928,36903,91026,56826,56044,23985,1656,1273,43262,7618,153872,102620
202005,공항철도 1호선,디지털미디어시티,34441,98012,58943,86687,132476,44212,2371,670,46849,24691,142604,210060
202005,공항철도 1호선,마곡나루,20264,61275,34976,45049,79042,23984,1215,584,21126,17125,77581,124033
202005,공항철도 1호선,서울역,18280,35557,60828,72392,55138,34048,1884,572,37043,18293,118035,126814
202005,공항철도 1호선,영종,21280,6708,29829,20591,10382,21235,1876,222,5531,21310,58516,48831
202005,공항철도 1호선,운서,39476,23862,57595,44653,30794,44053,5641,295,17520,40395,120232,109205
202005,공항철도 1호선,인천공항1터미널,10445,36611,27249,34377,36470,10633,679,2760,12837,5082,51210,78830
202005,공항철도 1호선,인천공항2터미널,5947,19213,12067,13439,19217,4972,591,1515,7581,2207,26186,36374
202005,공항철도 1호선,청라국제도시,54428,23687,42848,26093,29986,45089,2915,86,9216,37290,109407,87156
202005,공항철도 1호선,홍대입구,18715,24938,53282,95441,60855,54872,2336,402,65718,25204,140051,145985
202004,공항철도 1호선,검암,70458,19790,51629,31716,24759,58523,6651,364,9815,47802,138553,99672
202004,공항철도 1호선,계양,97146,10093,74342,34092,19985,79104,5748,534,8714,61705,185950,106424
202004,공항철도 1호선,공덕,9344,11195,12739,18010,13936,17956,793,95,7635,10614,30511,39914
202004,공항철도 1호선,공항화물청사,4754,38816,11433,15339,29037,3261,382,429,7597,2755,24166,57339
202004,공항철도 1호선,김포공항,15274,32954,65151,42832,45173,20017,1460,1017,32107,6799,113992,83602
202004,공항철도 1호선,디지털미디어시티,32393,93111,51590,81859,124774,39738,2114,683,43985,22049,130082,197702
202004,공항철도 1호선,마곡나루,18700,59610,30675,40444,74634,21393,934,589,19988,15312,70297,115955
202004,공항철도 1호선,서울역,16347,29707,45967,54479,43741,28793,1632,433,27949,16183,91895,100802
202004,공항철도 1호선,영종,19441,6430,24906,17400,9727,18925,1784,168,4975,19079,51106,43077
202004,공항철도 1호선,운서,37470,24335,52396,41489,30106,40988,5335,339,16483,37458,111684,103621
202004,공항철도 1호선,인천공항1터미널,9694,36504,24721,30980,35683,9480,657,2970,12692,4795,47764,75249
202004,공항철도 1호선,인천공항2터미널,5991,19504,11897,13981,20166,4885,551,1590,8155,2182,26594,37257
202004,공항철도 1호선,청라국제도시,52840,23852,37652,22992,29676,42645,2898,111,8730,34855,102120,81810
202004,공항철도 1호선,홍대입구,17619,23799,46761,91463,59531,56659,1985,323,66753,22863,133118,138448
202003,공항철도 1호선,검암,71137,21234,46725,27908,24415,58266,7523,395,9573,46336,134958,95873
202003,공항철도 1호선,계양,98208,9542,66342,30423,17415,79265,6072,446,8000,58581,178622,98992
202003,공항철도 1호선,공덕,8949,12030,11851,16807,14227,16756,765,120,6968,9575,28533,38532
202003,공항철도 1호선,공항화물청사,5236,41112,11105,15828,30770,3622,405,540,8670,3220,25416,60700
202003,공항철도 1호선,김포공항,15915,33087,56677,39342,42390,18623,1491,1153,32585,6353,106668,79935
202003,공항철도 1호선,디지털미디어시티,30861,94284,48772,81054,124824,37693,2122,722,43892,20495,125647,196555
202003,공항철도 1호선,마곡나루,17340,58131,26547,40703,74203,19481,872,658,20174,11988,64933,111480
202003,공항철도 1호선,서울역,16383,27936,40108,46063,38181,25022,1911,439,22710,14095,81112,88533
202003,공항철도 1호선,영종,17945,6481,20148,14176,8684,17038,1943,198,4595,16898,44631,37753
202003,공항철도 1호선,운서,36997,26106,51393,39950,30308,40603,7277,472,18363,39402,114030,105930
202003,공항철도 1호선,인천공항1터미널,14221,39764,35030,46945,39585,13395,2063,5057,23805,9081,75119,100847
202003,공항철도 1호선,인천공항2터미널,7686,20838,18716,20866,23571,6514,1558,2477,12727,2938,40687,47119
202003,공항철도 1호선,청라국제도시,52206,23637,32740,20735,29107,41532,3051,99,8380,31726,96377,76197
202003,공항철도 1호선,홍대입구,17115,23423,43083,81271,54963,49863,2085,421,56821,20725,119104,125840
202002,공항철도 1호선,검암,79595,23465,56868,33178,28250,63121,8999,438,11224,56592,156686,113673
202002,공항철도 1호선,계양,111089,10704,79449,36232,19708,86240,6944,484,9320,71630,206802,119050
202002,공항철도 1호선,공덕,11842,13806,17098,22880,16226,21631,1035,123,9026,13904,39001,50713
202002,공항철도 1호선,공항화물청사,5403,42440,11758,15401,31262,3700,549,520,8989,3727,26699,62088
202002,공항철도 1호선,김포공항,18853,46722,91192,55754,60354,25781,1635,1590,46582,8646,158262,112712
202002,공항철도 1호선,디지털미디어시티,36654,112422,62761,96829,148388,44853,2608,724,54609,26351,156632,236326
202002,공항철도 1호선,마곡나루,20396,62126,32550,44911,80626,21565,901,624,21377,14831,75224,122492
202002,공항철도 1호선,서울역,28373,44408,107753,97663,67787,43929,3611,942,40635,28139,180372,171152
202002,공항철도 1호선,영종,20229,6699,26466,16259,9212,19720,2105,170,4871,21465,53671,44593
202002,공항철도 1호선,운서,42724,28106,66673,46742,32716,48410,9353,634,20861,54989,139611,130471
202002,공항철도 1호선,인천공항1터미널,33831,65757,112406,138781,71458,44338,7937,7252,66328,34097,220502,245887
202002,공항철도 1호선,인천공항2터미널,14455,26963,38002,44537,35787,14460,4053,3178,21328,5748,77838,80426
202002,공항철도 1호선,청라국제도시,59846,26113,43023,26282,33141,46931,3755,164,9814,41126,116438,93685
202002,공항철도 1호선,홍대입구,24989,27662,86249,118595,73751,74477,3593,394,75686,40081,190517,186732
202001,공항철도 1호선,검암,86243,25390,76979,44616,33997,71414,10738,532,14240,70769,188200,141307
202001,공항철도 1호선,계양,120428,12427,107199,49145,26165,96700,8101,575,11343,89792,247071,151939
202001,공항철도 1호선,공덕,13911,14698,24777,28312,18548,27483,1622,116,11056,22327,51366,65453
202001,공항철도 1호선,공항화물청사,6597,48502,13771,17067,34651,5518,650,524,11510,4855,32528,70948
202001,공항철도 1호선,김포공항,23951,55156,137558,79091,83107,34697,2044,2134,68175,11580,231728,147961
202001,공항철도 1호선,디지털미디어시티,41639,117951,83891,111317,157844,52217,3312,762,61850,34728,190692,264758
202001,공항철도 1호선,마곡나루,22317,65268,41981,51335,86594,24649,1205,633,22663,19342,88166,136578
202001,공항철도 1호선,서울역,39651,59777,175387,157529,102222,72235,5459,1628,67191,47798,287688,266732
202001,공항철도 1호선,영종,23399,7171,38143,22900,11791,25469,2346,141,5845,27873,69733,58085
202001,공항철도 1호선,운서,48653,31646,87538,59640,38412,59122,11261,669,25600,70137,173052,162092
202001,공항철도 1호선,인천공항1터미널,54289,94285,174023,217710,104140,78438,11551,9021,103546,60382,343409,381398
202001,공항철도 1호선,인천공항2터미널,20897,37129,55917,68454,50742,21029,4880,3984,29489,8559,111183,118126
202001,공항철도 1호선,청라국제도시,66801,28342,62101,35511,39305,55135,4589,192,11446,52833,144937,116878
202001,공항철도 1호선,홍대입구,30589,32243,119189,152285,93281,96714,5221,498,100669,58710,255668,243736
201912,공항철도 1호선,검암,91337,26743,86991,48757,35893,73978,10904,614,15715,79197,204947,155311
201912,공항철도 1호선,계양,129655,14170,123436,55515,30907,101495,8878,606,12889,102410,274858,172701
201912,공항철도 1호선,공덕,14376,14867,25566,32233,19449,29811,1630,126,12276,23227,53848,70453
201912,공항철도 1호선,공항화물청사,6948,51234,14971,18529,36124,5875,689,577,12419,5507,35027,75847
201912,공항철도 1호선,김포공항,25916,57613,144193,83703,87693,36300,2036,2055,72056,13116,244201,156487
201912,공항철도 1호선,디지털미디어시티,44136,117094,96219,124192,161746,57971,3412,792,67529,38033,211296,280111
201912,공항철도 1호선,마곡나루,24218,61835,48689,55937,81874,26644,1307,716,21892,22884,96106,141372
201912,공항철도 1호선,서울역,42695,63468,188052,171017,107994,76012,5910,1548,72460,55436,309117,291469
201912,공항철도 1호선,영종,25723,7583,41787,24008,12658,27290,2568,154,6270,31389,76348,63134
201912,공항철도 1호선,운서,51106,33523,96561,63140,41794,61544,11013,641,28546,76431,187226,173735
201912,공항철도 1호선,인천공항1터미널,57402,98986,188260,228342,108381,83261,12589,8527,104694,60487,362945,396342
201912,공항철도 1호선,인천공항2터미널,20716,37876,59197,70679,52360,22340,5197,3926,30278,8572,115388,121053
201912,공항철도 1호선,청라국제도시,71602,30886,71451,39381,43114,58945,4907,268,12691,59983,160651,130518
201912,공항철도 1호선,홍대입구,34025,35359,137229,176376,103770,112821,5546,517,116586,67972,293386,280224
201911,공항철도 1호선,검암,95213,26868,83728,49330,34273,77362,11319,645,14147,76315,204407,153158
201911,공항철도 1호선,계양,136040,14514,119768,56073,29784,107178,9190,665,13039,98290,278037,169542
201911,공항철도 1호선,공덕,14833,15047,25209,32066,19280,28718,1738,148,11461,22192,53241,69453
201911,공항철도 1호선,공항화물청사,6644,49241,14277,18366,35425,5476,617,583,11946,4922,33484,73112
201911,공항철도 1호선,김포공항,27052,58781,144951,85449,87756,37960,2152,2197,72432,12799,246587,159226
201911,공항철도 1호선,디지털미디어시티,47482,122513,97061,132364,175477,56743,3753,881,67412,35628,215708,291386
201911,공항철도 1호선,마곡나루,25740,65632,47529,54546,86545,28266,1344,793,22800,23026,97413,143997
201911,공항철도 1호선,서울역,42993,64414,174305,160343,103918,72314,5899,1436,69919,49164,293116,275357
201911,공항철도 1호선,영종,26336,7711,38063,23740,12050,26701,2755,164,5814,28311,72968,59926
201911,공항철도 1호선,운서,52005,32894,89220,61498,40623,59384,10333,685,25295,69808,176853,164885
201911,공항철도 1호선,인천공항1터미널,56816,96265,183395,216117,101689,78094,12301,7792,96810,54195,349322,374369
201911,공항철도 1호선,인천공항2터미널,20470,36821,54825,65107,50996,21829,5729,3624,27652,8060,108676,113612
201911,공항철도 1호선,청라국제도시,76086,30198,66226,39143,40655,62046,5188,218,12071,56951,159571,126510
201911,공항철도 1호선,홍대입구,35695,35483,126366,158746,96530,106151,5693,583,108680,64422,276434,259234
201910,공항철도 1호선,검암,98339,28828,86876,54943,37185,81188,12418,794,15881,80303,213514,164868
201910,공항철도 1호선,계양,140411,15346,126454,60365,31142,108956,9847,782,13827,103597,290539,180090
201910,공항철도 1호선,공덕,14964,15575,25574,31889,19232,28288,1786,158,11723,22825,54047,70447
201910,공항철도 1호선,공항화물청사,6989,50835,15739,20093,36388,5675,600,576,12155,5249,35483,76753
201910,공항철도 1호선,김포공항,28446,59482,149622,88247,89539,39194,2328,2090,70358,13536,250754,163355
201910,공항철도 1호선,디지털미디어시티,47684,123656,97353,135346,174777,56459,4171,880,77527,36055,226735,295937
201910,공항철도 1호선,마곡나루,26233,63976,48726,55545,84092,29260,1418,742,23496,23646,99873,143909
201910,공항철도 1호선,서울역,45094,68655,183053,167511,106598,74191,6220,1551,73877,53655,308244,291372
201910,공항철도 1호선,영종,27460,8460,39445,24501,13340,27471,2852,172,5964,30080,75721,63213
201910,공항철도 1호선,운서,53861,33824,92871,64594,41946,61850,10528,784,26541,73067,183801,172269
201910,공항철도 1호선,인천공항1터미널,63239,100276,197506,226245,108287,82488,17149,7972,98968,60647,376862,395140
201910,공항철도 1호선,인천공항2터미널,22770,38734,59077,70124,54042,20740,5992,4073,26960,8399,114799,121330
201910,공항철도 1호선,청라국제도시,78677,31602,69059,40944,41353,63069,5358,335,12790,59317,165884,132198
201910,공항철도 1호선,홍대입구,38527,37918,139601,171571,103374,108100,6374,565,116874,72101,301376,282155
201909,공항철도 1호선,검암,89738,26155,76849,48284,33680,73673,10783,677,14325,72852,191695,147968
201909,공항철도 1호선,계양,139187,14523,119807,59308,29869,107768,8660,721,13180,98073,280834,172625
201909,공항철도 1호선,공덕,13921,13208,22174,26938,16704,25458,1586,146,9931,20093,47612,60385
201909,공항철도 1호선,공항화물청사,6121,46442,13725,16319,31888,5598,606,500,11461,4616,31913,67877
201909,공항철도 1호선,김포공항,27582,54965,132442,83712,79388,38040,2082,2004,62516,12841,224622,153522
201909,공항철도 1호선,디지털미디어시티,43122,106617,81250,106590,144136,48666,3356,770,57752,32049,185480,246026
201909,공항철도 1호선,마곡나루,22535,54754,39562,43127,71930,24241,1224,624,20559,20078,83880,118583
201909,공항철도 1호선,서울역,39691,61239,165692,147902,96002,66525,5662,1402,66445,45856,277490,256399
201909,공항철도 1호선,영종,24286,7665,33469,21585,11265,23685,2344,179,5454,25743,65553,55172
201909,공항철도 1호선,운서,48989,30345,81193,57079,37135,53522,9451,717,23541,65112,163174,153253
201909,공항철도 1호선,인천공항1터미널,56027,92108,186260,216065,98499,79497,16882,6994,91155,60851,350324,376018
201909,공항철도 1호선,인천공항2터미널,19991,37409,56061,70183,50080,20078,6053,3575,27508,10383,109613,121550
201909,공항철도 1호선,청라국제도시,69187,28218,59959,36669,36482,54618,4679,287,11851,52126,145676,117300
201909,공항철도 1호선,홍대입구,32983,32858,115661,145255,89130,94268,5458,479,102366,58881,256468,237473
201908,공항철도 1호선,검암,93208,26913,80420,47400,34085,76896,11563,707,16281,79483,201472,154503
201908,공항철도 1호선,계양,140013,13847,122428,58210,30468,111828,9838,824,13937,106473,286216,179354
201908,공항철도 1호선,공덕,14087,13856,24623,28084,17919,27001,1855,155,10745,23039,51310,65134
201908,공항철도 1호선,공항화물청사,6212,50125,14373,17248,34988,5592,664,526,12392,4788,33641,72687
201908,공항철도 1호선,김포공항,28655,58201,154552,92702,86569,41041,2181,2305,71029,14760,256417,167968
201908,공항철도 1호선,디지털미디어시티,41561,114728,83656,114473,156403,51080,3466,767,64862,34660,193545,264628
201908,공항철도 1호선,마곡나루,21276,54874,37179,41317,74404,23085,1235,622,19950,20198,79640,117011
201908,공항철도 1호선,서울역,41758,63440,186548,162452,101702,72236,6095,1393,70558,54045,304959,281330
201908,공항철도 1호선,영종,24816,8393,35610,22082,12082,24375,2502,178,6154,28563,69082,59216
201908,공항철도 1호선,운서,49875,32738,88989,62457,41114,57162,9602,686,27295,72243,175761,168124
201908,공항철도 1호선,인천공항1터미널,63298,101182,222023,268883,122308,88573,16944,7276,115479,69350,417744,446691
201908,공항철도 1호선,인천공항2터미널,21463,38979,72176,89287,59569,21702,6011,3819,31922,10849,131572,142934
201908,공항철도 1호선,청라국제도시,69922,30038,65385,37810,39195,57519,4983,350,13604,57050,153894,125248
201908,공항철도 1호선,홍대입구,32971,33345,127498,158434,95777,103163,5899,565,115906,66794,282274,259138
201907,공항철도 1호선,검암,101911,30214,81196,49571,37986,82193,12193,691,16777,80990,212077,161466
201907,공항철도 1호선,계양,153819,13988,121011,58380,29773,119214,10508,803,13996,108972,299334,182143
201907,공항철도 1호선,공덕,15769,15335,24290,28893,18818,28589,1861,173,11421,23672,53341,68073
201907,공항철도 1호선,공항화물청사,6248,53441,14649,18170,37499,5593,610,466,12647,5009,34154,77086
201907,공항철도 1호선,김포공항,28902,60690,137158,91788,83869,41439,2239,2129,66840,14897,235139,169504
201907,공항철도 1호선,디지털미디어시티,44858,129966,83933,121106,173348,54967,3779,817,73055,34171,205625,286060
201907,공항철도 1호선,마곡나루,23040,65004,36669,43546,83626,24194,1340,716,23286,20111,84335,129377
201907,공항철도 1호선,서울역,42754,63589,177713,150028,100201,68136,5878,1312,65928,50957,292273,265886
201907,공항철도 1호선,영종,26572,8299,35072,22379,11896,24600,2671,162,6025,28857,70340,59697
201907,공항철도 1호선,운서,51101,34772,85772,60505,41440,57245,9299,660,28133,70093,174305,166030
201907,공항철도 1호선,인천공항1터미널,57360,104199,201927,246700,110681,81173,16367,6927,103887,68350,379541,426176
201907,공항철도 1호선,인천공항2터미널,19586,39119,62194,76427,52478,19319,5387,3474,29432,10677,116599,129697
201907,공항철도 1호선,청라국제도시,77417,33183,64835,38273,42465,60463,5178,288,13802,59491,161232,131235
201907,공항철도 1호선,홍대입구,35031,36872,120854,151623,94140,100374,5964,625,114981,63631,276830,252751
201906,공항철도 1호선,검암,91396,26272,81398,49512,34382,74908,11472,761,15817,77774,200083,154319
201906,공항철도 1호선,계양,138704,14717,125429,60499,30183,109587,10055,851,14400,104801,288588,180868
201906,공항철도 1호선,공덕,14463,13574,23961,28704,17058,25163,1876,157,10539,23361,50839,65796
201906,공항철도 1호선,공항화물청사,6090,48755,14430,17981,33437,5166,587,425,11622,5129,32729,72290
201906,공항철도 1호선,김포공항,27802,56160,129783,87571,76816,39498,2137,1916,63549,14874,223271,160521
201906,공항철도 1호선,디지털미디어시티,41067,111908,86738,116637,146984,50958,3904,857,72644,33695,204353,263097
201906,공항철도 1호선,마곡나루,19398,53756,35616,41439,70341,22173,1207,515,20259,19246,76480,114956
201906,공항철도 1호선,서울역,41130,61763,178412,153822,98597,68051,5974,1507,68959,50757,294475,267849
201906,공항철도 1호선,영종,24226,8021,34039,22300,11969,23459,2468,142,5906,26703,66639,57166
201906,공항철도 1호선,운서,47514,32648,82645,59857,39699,53791,8798,696,26196,66005,165153,159206
201906,공항철도 1호선,인천공항1터미널,57080,98540,197890,235105,105781,79017,16380,6349,97246,63412,368596,403406
201906,공항철도 1호선,인천공항2터미널,20374,37699,57945,70833,50324,20808,6369,3180,27604,10243,112292,121955
201906,공항철도 1호선,청라국제도시,68195,28429,64315,38642,37244,55012,4824,287,12722,55435,150056,122793
201906,공항철도 1호선,홍대입구,33738,33455,121365,151760,91218,96081,6147,520,111941,66281,273191,252016
201905,공항철도 1호선,검암,101639,28291,86090,52896,36349,82005,12165,683,16415,84276,216309,166146
201905,공항철도 1호선,계양,156259,16268,135521,64784,32638,120845,10375,840,14960,114852,317115,196744
201905,공항철도 1호선,공덕,15776,14876,24111,28525,18323,27014,2021,159,11137,23266,53045,66826
201905,공항철도 1호선,공항화물청사,6479,52507,15569,19658,36554,5293,619,419,12168,5303,34835,77887
201905,공항철도 1호선,김포공항,29769,60030,135940,89316,80928,42457,2235,2031,63015,15801,230959,167178
201905,공항철도 1호선,디지털미디어시티,45307,123259,92118,130730,167025,53585,3689,894,87535,36054,228649,290937
201905,공항철도 1호선,마곡나루,21262,58915,39839,45951,77464,23865,1182,546,20939,19877,83222,125289
201905,공항철도 1호선,서울역,43830,66810,182546,160201,103259,71069,6121,1514,72397,53142,304894,281667
201905,공항철도 1호선,영종,26295,8546,36312,23620,12269,24671,2554,142,6013,28339,71174,60647
201905,공항철도 1호선,운서,52816,35123,86342,62537,42066,56526,9284,683,26900,69023,175342,167366
201905,공항철도 1호선,인천공항1터미널,57093,99953,196029,233606,104111,77159,16317,6683,93827,59659,363266,399901
201905,공항철도 1호선,인천공항2터미널,20573,38738,55370,67797,51033,19903,6508,3171,26124,8373,108575,118079
201905,공항철도 1호선,청라국제도시,76138,30457,67235,39210,39215,60824,4909,308,13600,60744,161882,130719
201905,공항철도 1호선,홍대입구,36570,37477,125550,159338,97444,103432,5773,612,117904,66828,285797,264255
201904,공항철도 1호선,검암,103307,28754,81785,49458,35144,80478,11755,608,15428,81365,212275,160185
201904,공항철도 1호선,계양,157383,15813,127330,61122,30494,119500,9789,739,13121,110924,307623,188598
201904,공항철도 1호선,공덕,15535,15228,23735,29489,17791,27628,1879,147,11041,23422,52190,68286
201904,공항철도 1호선,공항화물청사,6552,53721,15219,19156,37279,5457,497,372,12142,5158,34410,78407
201904,공항철도 1호선,김포공항,29866,59604,129488,85253,78467,41330,2125,2015,59936,15183,221415,162055
201904,공항철도 1호선,디지털미디어시티,45657,125701,88985,125551,169320,52894,3508,892,82720,35165,220870,287309
201904,공항철도 1호선,마곡나루,20275,57286,36352,43020,74022,21287,1023,474,19950,17158,77600,117938
201904,공항철도 1호선,서울역,44041,66560,175860,156145,102400,67170,5759,1408,68795,50470,294455,274583
201904,공항철도 1호선,영종,24804,7817,32003,20583,11149,22989,2318,116,5094,25396,64219,53912
201904,공항철도 1호선,운서,50903,34086,80193,58785,40446,54070,8577,687,25643,64947,165316,158505
201904,공항철도 1호선,인천공항1터미널,56919,97777,192002,213803,100223,76002,14207,6243,94693,55997,357821,373820
201904,공항철도 1호선,인천공항2터미널,21227,37799,53816,66359,50968,20376,5499,2993,26736,8624,107278,115775
201904,공항철도 1호선,청라국제도시,75739,30468,60835,35215,37816,57616,4468,249,11744,56860,152786,122792
201904,공항철도 1호선,홍대입구,37250,37551,122159,146432,89791,96583,5656,571,100552,66571,265617,251125
201903,공항철도 1호선,검암,96399,27699,83371,48598,35171,77178,11760,632,15728,80858,207258,157787
201903,공항철도 1호선,계양,147073,15560,130634,61813,31104,115448,9362,713,13647,111248,300716,189334
201903,공항철도 1호선,공덕,14536,13843,23366,28483,16897,26842,1721,137,10527,22844,50150,65307
201903,공항철도 1호선,공항화물청사,6933,53030,14953,18972,35821,5718,510,386,13121,5389,35517,77777
201903,공항철도 1호선,김포공항,29650,56493,129175,86295,79411,42984,2018,1899,60951,15230,221794,159917
201903,공항철도 1호선,디지털미디어시티,42883,116368,87801,117772,158801,51219,3629,781,68395,35200,202708,270121
201903,공항철도 1호선,마곡나루,17248,52511,34896,42705,68749,19580,917,465,19776,16965,72837,112646
201903,공항철도 1호선,서울역,40942,59455,179521,156523,97501,68340,6114,1512,66146,49548,292723,267038
201903,공항철도 1호선,영종,22540,7863,31948,19420,11023,21902,2143,128,5039,24241,61670,51652
201903,공항철도 1호선,운서,48789,32638,80338,55505,38500,54212,8402,641,25307,64547,162836,153331
201903,공항철도 1호선,인천공항1터미널,58441,97679,208072,238053,110067,73218,14080,6561,102598,56171,383191,398464
201903,공항철도 1호선,인천공항2터미널,19581,37360,57224,63976,50775,20564,6981,3229,27549,7941,111335,112506
201903,공항철도 1호선,청라국제도시,69308,28762,61400,35918,37406,54995,4059,210,11671,54778,146438,119668
201903,공항철도 1호선,홍대입구,33442,34907,122906,158112,95791,100062,5302,615,103775,64379,265425,258013
201902,공항철도 1호선,검암,78353,23121,74730,43419,31128,65309,9823,551,13364,69648,176270,136739
201902,공항철도 1호선,계양,113563,11409,113262,50829,26666,94313,7748,594,11429,93416,246002,156248
201902,공항철도 1호선,공덕,12030,11595,21144,24446,14920,22794,1602,125,9215,19666,43991,55832
201902,공항철도 1호선,공항화물청사,5704,44562,13134,16053,29768,4781,453,406,10697,4422,29988,65443
201902,공항철도 1호선,김포공항,25127,48197,117301,77583,70817,38617,1897,1732,57392,13510,201717,141022
201902,공항철도 1호선,디지털미디어시티,34018,98907,75880,100255,135384,41951,3029,611,55935,29198,168862,228971
201902,공항철도 1호선,마곡나루,12807,41243,28859,35578,55381,15613,767,377,15750,13275,58183,90473
201902,공항철도 1호선,서울역,33913,48907,154246,140466,85063,60975,4783,1056,59477,44342,252419,234771
201902,공항철도 1호선,영종,16860,5781,28371,16782,8822,17643,1649,106,3947,20294,50827,42963
201902,공항철도 1호선,운서,38440,26542,72123,48650,32522,45998,7369,526,21803,56772,139735,132490
201902,공항철도 1호선,인천공항1터미널,48453,82676,170276,201611,95450,66220,10696,5699,90931,49212,320356,339198
201902,공항철도 1호선,인천공항2터미널,18563,35133,53560,62857,47810,18602,3889,2810,26835,7687,102847,108487
201902,공항철도 1호선,청라국제도시,52322,24422,54470,30148,32164,43437,3266,113,9896,45414,119954,100097
201902,공항철도 1호선,홍대입구,26601,26502,100648,136947,81718,84597,4318,482,89040,51009,220607,214940
201901,공항철도 1호선,검암,98570,28756,81272,46436,37099,78186,11770,573,15402,80778,207014,156543
201901,공항철도 1호선,계양,143253,13141,123540,55221,29638,115431,9061,662,12308,107428,288162,176452
201901,공항철도 1호선,공덕,14052,14165,22899,27177,17249,26588,1795,155,10789,21165,49535,62662
201901,공항철도 1호선,공항화물청사,6393,55294,14800,19243,37594,4977,500,478,12018,4491,33711,79506
201901,공항철도 1호선,김포공항,28703,57408,124949,84256,79603,41538,2253,2103,61244,14589,217149,158356
201901,공항철도 1호선,디지털미디어시티,40627,124656,84591,119825,175050,50882,3316,696,68724,33846,197258,279023
201901,공항철도 1호선,마곡나루,14926,51299,30068,39624,70843,17852,789,569,18997,14395,64780,105887
201901,공항철도 1호선,서울역,38983,55052,167236,143805,94496,64297,5675,1270,59618,45416,271512,245543
201901,공항철도 1호선,영종,19566,6871,30774,18042,10069,20152,1854,127,4431,22107,56625,47147
201901,공항철도 1호선,운서,44365,31709,79118,54076,38097,51988,7982,543,25043,61179,156508,147507
201901,공항철도 1호선,인천공항1터미널,52671,96358,178425,223498,100920,74846,10597,6467,94380,55385,336073,381708
201901,공항철도 1호선,인천공항2터미널,19176,39006,57525,71593,51074,21222,4430,3085,28925,8003,110056,121687
201901,공항철도 1호선,청라국제도시,63853,30074,59344,33556,39158,51524,4014,145,11323,52431,138534,116206
201901,공항철도 1호선,홍대입구,31901,32776,110712,145778,89168,93203,5111,591,98085,57167,245809,236312
201812,공항철도 1호선,검암,91001,27024,87327,49683,36135,75307,11614,555,16470,82911,206412,160173
201812,공항철도 1호선,계양,133536,14079,131461,59709,31844,106506,8871,716,13546,109618,287414,184122
201812,공항철도 1호선,공덕,13304,13046,23680,29773,16199,27102,1642,124,11232,22830,49858,65773
201812,공항철도 1호선,공항화물청사,6376,51907,15202,19277,34685,5307,631,529,12367,4543,34576,76256
201812,공항철도 1호선,김포공항,26632,52704,125817,84904,75883,40995,2297,1924,60523,15793,215269,155325
201812,공항철도 1호선,디지털미디어시티,37989,108910,92179,117755,151608,50760,3194,710,64110,34571,197472,261946
201812,공항철도 1호선,마곡나루,13056,38723,29471,35580,53586,16827,761,453,13817,15274,57105,90030
201812,공항철도 1호선,서울역,38418,54139,177749,157049,97011,68066,5396,1365,65852,50387,287415,262940
201812,공항철도 1호선,영종,18378,6792,31111,18358,10417,19525,1993,103,4714,22683,56196,47936
201812,공항철도 1호선,운서,42579,30952,79886,54164,37493,50626,7808,553,26553,62258,156826,147927
201812,공항철도 1호선,인천공항1터미널,53557,91701,186294,226476,103265,74951,11241,6403,97640,54501,348732,379081
201812,공항철도 1호선,인천공항2터미널,20780,36456,57439,67259,50530,20959,4079,3015,28649,8396,110947,115126
201812,공항철도 1호선,청라국제도시,58286,28297,62488,35250,38373,48462,3774,148,11619,51612,136167,115307
201812,공항철도 1호선,홍대입구,31103,32661,118663,151248,87284,98730,5111,495,101636,63051,256513,247455
201811,공항철도 1호선,검암,102514,29635,84732,50098,37504,81412,12354,610,16210,83454,215810,163797
201811,공항철도 1호선,계양,154769,15431,128898,60050,31599,119136,9954,732,13088,110977,306709,187190
201811,공항철도 1호선,공덕,14324,14665,22687,28129,17372,26183,1784,116,10413,20900,49208,63810
201811,공항철도 1호선,공항화물청사,6476,54518,14856,19880,36722,5310,634,558,12745,4542,34711,79498
201811,공항철도 1호선,김포공항,28894,55202,125124,79647,78561,40992,2409,1845,60459,15082,216886,151776
201811,공항철도 1호선,디지털미디어시티,42945,118453,89025,122990,171231,53888,3618,727,67869,34730,203457,276900
201811,공항철도 1호선,마곡나루,14233,42243,30228,38467,58258,18537,774,483,14521,15525,59756,96718
201811,공항철도 1호선,서울역,40498,59179,170130,150457,99170,67627,5892,1320,66845,47052,283365,258008
201811,공항철도 1호선,영종,20935,6819,29517,17961,10132,20515,2183,113,4283,22498,56918,47391
201811,공항철도 1호선,운서,44933,33021,75383,52902,37844,49235,7453,510,24040,58591,151809,145024
201811,공항철도 1호선,인천공항1터미널,52625,93030,178349,212871,98761,72552,11399,5919,89970,52268,332343,364088
201811,공항철도 1호선,인천공항2터미널,18991,36730,53636,63048,48743,19391,4921,3108,26845,7752,104393,110638
201811,공항철도 1호선,청라국제도시,65861,31213,58611,35052,39397,52365,4176,150,11153,50792,139801,117207
201811,공항철도 1호선,홍대입구,34656,35988,112461,140951,85863,94976,5419,525,98760,61194,251296,238658
201810,공항철도 1호선,검암,103226,30705,93268,63531,41809,87047,13269,861,19861,89405,229624,184502
201810,공항철도 1호선,계양,156212,16066,134027,63597,32647,120226,10606,831,14058,113207,314903,193701
201810,공항철도 1호선,공덕,14301,14789,22449,26583,16946,25988,1806,133,10970,20715,49526,62220
201810,공항철도 1호선,공항화물청사,6844,54209,16995,22270,36923,5737,652,608,13282,4828,37773,81915
201810,공항철도 1호선,김포공항,30144,56860,126071,83275,78885,40161,2691,1931,58836,15706,217742,157772
201810,공항철도 1호선,디지털미디어시티,42727,117882,90761,123784,167105,53279,3725,779,74339,33998,211552,276443
201810,공항철도 1호선,마곡나루,12241,34770,29144,36009,50027,20343,833,297,14980,16719,57198,87795
201810,공항철도 1호선,서울역,40293,61327,171763,150705,99968,65996,5930,1352,67408,48131,285394,261515
201810,공항철도 1호선,영종,21211,7652,30611,19347,10939,20560,2240,126,4513,22722,58575,49847
201810,공항철도 1호선,운서,45303,32053,76614,54662,37891,50407,7670,658,24498,59732,154085,147105
201810,공항철도 1호선,인천공항1터미널,54998,97160,195020,218944,106370,75211,13957,5828,93805,54606,357780,376538
201810,공항철도 1호선,인천공항2터미널,19899,37666,50489,62459,52424,16670,6689,3309,24617,7919,101694,111353
201810,공항철도 1호선,청라국제도시,65034,33244,60827,36181,39168,52152,4473,170,12060,50918,142394,120513
201810,공항철도 1호선,홍대입구,35197,36562,112967,145244,87293,94015,5872,534,99580,62572,253616,244912
201809,공항철도 1호선,검암,87629,27964,87431,57336,37497,75811,12072,787,18640,81733,205772,167820
201809,공항철도 1호선,계양,128973,14708,122544,59448,30186,100815,8884,734,13810,101843,274211,176733
201809,공항철도 1호선,공덕,11742,12603,20668,22917,14205,21904,1620,113,9258,19140,43288,54773
201809,공항철도 1호선,공항화물청사,7162,47410,14556,18644,30987,5417,566,550,12902,5216,35186,71820
201809,공항철도 1호선,김포공항,27168,51585,124103,81029,75400,38283,2639,1754,58797,15431,212707,149799
201809,공항철도 1호선,디지털미디어시티,36394,95612,79858,101751,132592,45370,3234,563,57916,30561,177402,228487
201809,공항철도 1호선,마곡나루,200,249,1132,1307,467,999,81,24,258,1043,1671,2623
201809,공항철도 1호선,서울역,36929,52626,160653,137842,89211,61084,5878,1193,63192,45876,266652,237537
201809,공항철도 1호선,영종,18242,6723,28202,18034,9774,18144,1929,118,4210,20222,52583,45097
201809,공항철도 1호선,운서,40425,28662,70188,52406,33996,43978,7143,639,23452,56192,141208,137899
201809,공항철도 1호선,인천공항1터미널,53062,94798,184210,215954,101468,77308,13864,5405,93584,57732,344720,373889
201809,공항철도 1호선,인천공항2터미널,18408,35797,49866,64425,49422,16849,5893,3495,23949,7730,98116,111447
201809,공항철도 1호선,청라국제도시,55049,29535,56631,34294,34395,42994,3799,157,10988,46533,126467,110519
201809,공항철도 1호선,홍대입구,29419,31165,101773,132539,79459,83889,5358,476,95943,55307,232493,219487
201808,공항철도 1호선,검암,98307,29959,85507,54776,39276,81960,13261,796,19380,86524,216455,172055
201808,공항철도 1호선,계양,141387,13883,117291,55673,29141,109766,9853,701,13942,107597,282473,177854
201808,공항철도 1호선,공덕,12882,14191,21791,23770,15553,24545,1634,99,9786,20395,46093,58455
201808,공항철도 1호선,공항화물청사,7029,53109,14661,20076,35874,5423,793,516,13071,5171,35554,78872
201808,공항철도 1호선,김포공항,27217,56771,133092,91202,80840,40941,2659,1860,63135,16545,226103,166378
201808,공항철도 1호선,디지털미디어시티,38553,112767,76372,103888,159175,47518,3434,670,61398,31973,179757,249298
201808,공항철도 1호선,서울역,37674,56350,176363,146803,94497,65425,6164,1078,63460,51169,283661,255400
201808,공항철도 1호선,영종,18907,6690,27586,16692,9850,18585,2086,148,4375,21084,52954,44614
201808,공항철도 1호선,운서,42204,31521,71413,53613,36775,46846,7771,729,25479,60492,146867,146355
201808,공항철도 1호선,인천공항1터미널,55977,101664,222770,259157,122111,82649,13923,6114,113245,65643,405915,432578
201808,공항철도 1호선,인천공항2터미널,19414,38848,81512,115983,76097,20326,5774,3672,30420,8839,137120,167342
201808,공항철도 1호선,청라국제도시,60639,34178,55698,33669,38785,46609,4276,219,11760,50357,132373,118423
201808,공항철도 1호선,홍대입구,29872,33953,101819,128471,77810,85556,5411,526,91061,56809,228163,219759
201807,공항철도 1호선,검암,101066,31114,86795,55516,39957,82913,13529,845,19853,88452,221243,175927
201807,공항철도 1호선,계양,146486,14573,118130,56315,29404,110975,10185,761,14475,109263,289276,180912
201807,공항철도 1호선,공덕,13264,14216,19629,22228,14849,23944,1655,114,10221,18522,44769,55080
201807,공항철도 1호선,공항화물청사,6685,53891,14909,20850,36786,5042,781,448,13075,4984,35450,80173
201807,공항철도 1호선,김포공항,28457,58128,127425,88057,79906,41487,2680,1836,61963,16444,220525,164465
201807,공항철도 1호선,디지털미디어시티,40995,119650,76954,108185,163089,49128,3624,688,66291,32393,187864,260916
201807,공항철도 1호선,서울역,37618,55838,164468,138114,92010,60372,6039,1262,62022,47470,270147,242684
201807,공항철도 1호선,영종,19376,6948,27552,16570,10257,18603,2073,126,4620,22038,53621,45682
201807,공항철도 1호선,운서,42970,33002,71095,54486,37834,45964,8148,646,26582,59285,148795,147419
201807,공항철도 1호선,인천공항1터미널,51065,99362,200268,231932,107858,77317,12266,6179,95618,59477,359217,396950
201807,공항철도 1호선,인천공항2터미널,18398,37884,60983,83463,57161,18032,5629,3538,27538,8014,112548,132899
201807,공항철도 1호선,청라국제도시,64122,35042,55666,34126,40637,47057,4149,197,12022,51452,135959,120817
201807,공항철도 1호선,홍대입구,31106,35374,95458,119943,74176,83357,5439,745,89870,55043,221873,211105
201806,공항철도 1호선,검암,93672,29369,87791,57291,38764,78541,12930,845,19833,87353,214226,174858
201806,공항철도 1호선,계양,138090,14712,122387,59123,29972,103947,10276,744,14557,107983,285310,182562
201806,공항철도 1호선,공덕,12193,11878,18788,21383,13328,21328,1610,131,9418,17897,42009,51289
201806,공항철도 1호선,공항화물청사,6133,50047,15219,19495,32789,4840,763,450,12870,4916,34985,74908
201806,공항철도 1호선,김포공항,27604,55276,130480,85642,75973,40780,2698,1765,62335,16436,223117,159119
201806,공항철도 1호선,디지털미디어시티,39587,107839,82304,107059,144061,46386,3805,815,61065,32220,186761,247933
201806,공항철도 1호선,서울역,36008,54400,156861,131202,85092,59714,5738,1267,61171,46052,259778,232921
201806,공항철도 1호선,영종,18685,6663,26991,17266,10068,17814,1917,123,4599,20707,52192,44759
201806,공항철도 1호선,운서,40705,30758,70360,53382,37508,44470,7285,610,25670,56452,144020,141202
201806,공항철도 1호선,인천공항1터미널,51623,93821,186580,208271,97278,75070,12784,5827,88043,55875,339030,363794
201806,공항철도 1호선,인천공항2터미널,18153,36275,48801,63601,48315,16497,6543,3206,25848,7777,99345,110859
201806,공항철도 1호선,청라국제도시,58734,31350,56284,35137,37327,43934,4035,165,11673,48900,130726,115552
201806,공항철도 1호선,홍대입구,30728,35798,96379,123584,74373,80710,5535,823,91472,56613,224114,216818
201805,공항철도 1호선,검암,99620,30036,94239,60521,40374,82788,13001,845,19939,92039,226799,183441
201805,공항철도 1호선,계양,148947,15561,134078,63195,31432,111210,10093,714,14677,117311,307795,196781
201805,공항철도 1호선,공덕,12650,12460,19121,21977,13713,22050,1730,113,9687,18299,43188,52849
201805,공항철도 1호선,공항화물청사,6495,51766,15585,20345,34274,4938,825,481,13138,5242,36043,77834
201805,공항철도 1호선,김포공항,29853,57861,131858,84976,77205,41381,2741,1867,62769,16659,227221,161363
201805,공항철도 1호선,디지털미디어시티,41500,113631,84626,115186,153439,47371,3724,698,78305,33628,208155,263143
201805,공항철도 1호선,서울역,37238,57378,160221,138231,88866,61122,5707,1242,63894,47250,267060,244101
201805,공항철도 1호선,영종,19868,6754,28812,18306,10089,18292,2068,148,4583,22151,55331,47359
201805,공항철도 1호선,운서,42758,31303,73416,55485,37707,45826,7276,695,24565,57746,148015,145229
201805,공항철도 1호선,인천공항1터미널,51263,94095,177754,204272,96423,72495,13544,5743,84411,49866,326972,353976
201805,공항철도 1호선,인천공항2터미널,19068,36615,47722,62876,49398,16474,6444,3256,25847,8208,99081,110955
201805,공항철도 1호선,청라국제도시,62673,32074,58842,34604,37186,46273,4013,215,11587,52354,137115,119247
201805,공항철도 1호선,홍대입구,31612,38700,100599,128916,78550,82641,5269,805,92616,58189,230096,226610
201804,공항철도 1호선,검암,101342,30169,88202,57549,38554,81292,12018,785,18608,88674,220170,177177
201804,공항철도 1호선,계양,149899,15338,124718,59469,30263,110420,9523,674,13310,113138,297450,188619
201804,공항철도 1호선,공덕,13013,12707,18507,20681,13694,21646,1618,118,9461,17497,42599,51003
201804,공항철도 1호선,공항화물청사,6330,51709,15060,19270,34004,4949,746,504,13288,5646,35424,77129
201804,공항철도 1호선,김포공항,28880,57472,126286,82939,76895,41042,2480,1713,60575,16356,218221,158480
201804,공항철도 1호선,디지털미디어시티,42092,119266,83098,115556,159108,46664,3382,710,74906,32573,203478,268105
201804,공항철도 1호선,서울역,37422,57083,152750,131109,87278,58736,5666,1225,61999,44065,257837,233482
201804,공항철도 1호선,영종,19364,6260,25979,16293,9469,16341,1855,132,3993,21285,51191,43970
201804,공항철도 1호선,운서,41181,30499,67814,52079,36703,43217,6846,597,23627,54489,139468,137664
201804,공항철도 1호선,인천공항1터미널,51102,90635,178283,196856,93397,70249,13335,5095,81924,50036,324644,342622
201804,공항철도 1호선,인천공항2터미널,18128,35259,46192,63661,49475,16330,5629,3205,26895,7439,96844,109564
201804,공항철도 1호선,청라국제도시,63186,31445,53490,32599,36817,45585,3493,222,10873,49809,131042,114075
201804,공항철도 1호선,홍대입구,32276,36935,95326,116011,72303,78172,5058,669,81673,55408,214333,209023
201803,공항철도 1호선,검암,101948,30737,91609,56449,39667,82638,11858,857,19111,92045,224526,180088
201803,공항철도 1호선,계양,149491,16029,130727,59693,30614,113583,9258,651,13938,116829,303414,193202
201803,공항철도 1호선,공덕,12357,12668,18354,21204,13734,21859,1567,105,9597,17475,41875,51452
201803,공항철도 1호선,공항화물청사,7155,53337,16182,19831,34852,5718,730,561,14483,6037,38550,79766
201803,공항철도 1호선,김포공항,29699,54055,124168,83467,76869,42507,2531,1710,61660,17137,218058,156369
201803,공항철도 1호선,디지털미디어시티,42338,120120,87182,118076,161196,48632,3699,724,68975,33535,202194,272455
201803,공항철도 1호선,서울역,34771,53752,155981,134216,86881,61073,5853,1110,59944,45611,256549,234689
201803,공항철도 1호선,영종,19137,6129,26584,16214,9463,16848,1916,140,4008,21669,51645,44152
201803,공항철도 1호선,운서,42537,30793,69609,50514,36963,45573,6650,648,24694,58151,143490,140106
201803,공항철도 1호선,인천공항1터미널,53479,90235,193387,205768,103265,67548,13328,5075,91871,49338,352065,350416
201803,공항철도 1호선,인천공항2터미널,20041,36880,54209,66816,54574,18202,5569,3116,30851,8027,110670,114839
201803,공항철도 1호선,청라국제도시,62498,30986,55666,30796,36976,47649,3496,188,10924,51467,132584,113437
201803,공항철도 1호선,홍대입구,30614,36142,93590,123187,76812,82481,4504,645,85270,54563,213978,214537
201802,공항철도 1호선,검암,82014,25490,81137,50414,35244,70000,10206,762,18261,79021,191618,155687
201802,공항철도 1호선,계양,118149,11684,108039,49455,25306,89878,7816,605,11251,97766,245255,159510
201802,공항철도 1호선,공덕,10244,10324,16560,17891,12067,18880,1346,109,7999,14916,36149,43240
201802,공항철도 1호선,공항화물청사,5825,46289,13645,16972,29744,4455,668,481,12376,4707,32514,68449
201802,공항철도 1호선,김포공항,25271,44572,110359,71657,71407,36854,2073,1495,57788,14930,195491,132654
201802,공항철도 1호선,디지털미디어시티,33707,103264,69838,93314,135212,39482,2994,588,58124,27930,164663,225096
201802,공항철도 1호선,서울역,30366,44958,141237,122476,75166,58413,5621,1189,55024,43036,232248,211659
201802,공항철도 1호선,영종,14558,4457,23606,14029,7480,13639,1428,106,3298,17799,42890,36391
201802,공항철도 1호선,운서,37397,27025,65898,46889,31980,41316,6727,646,21590,54773,131612,129333
201802,공항철도 1호선,인천공항1터미널,46553,85161,162509,187184,94296,61064,10999,4854,89670,49707,309731,326906
201802,공항철도 1호선,인천공항2터미널,17900,38764,54399,70187,55190,17780,3042,3105,34539,8510,109880,120566
201802,공항철도 1호선,청라국제도시,48410,25110,48106,28559,31204,38827,2723,186,9841,41903,109080,95758
201802,공항철도 1호선,홍대입구,24977,26230,77109,103132,61141,65844,4032,434,66421,43952,172539,173748
201801,공항철도 1호선,검암,96339,31648,87754,56116,41634,80060,11326,711,19053,87377,214472,175852
201801,공항철도 1호선,계양,141098,13181,118500,53301,27631,108332,8837,552,12315,110106,280750,177140
201801,공항철도 1호선,공덕,11948,12428,17773,20278,13728,21723,1680,147,9052,16627,40453,49480
201801,공항철도 1호선,공항화물청사,6478,54319,14991,20328,36605,4813,645,612,13945,4994,36059,80253
201801,공항철도 1호선,김포공항,28080,53860,122044,80941,77544,41044,2365,1873,61327,16285,213816,152959
201801,공항철도 1호선,디지털미디어시티,38257,128826,75835,107645,168003,45772,3465,756,70631,31075,188188,268302
201801,공항철도 1호선,서울역,32719,47595,143316,120194,81026,54118,5945,1210,54612,42477,236592,211476
201801,공항철도 1호선,영종,16997,4944,24634,14254,8049,15250,1555,116,3592,19469,46778,38783
201801,공항철도 1호선,운서,42412,29274,72090,52353,36500,47797,7458,558,24153,60139,146113,142324
201801,공항철도 1호선,인천공항1터미널,51988,113458,188781,234565,122754,75709,10716,6837,109148,54618,360633,409478
201801,공항철도 1호선,인천공항2터미널,8951,24581,35797,48893,34273,11023,1480,2370,23538,4266,69766,80110
201801,공항철도 1호선,청라국제도시,57613,31397,52814,30674,36642,44372,3157,136,11015,47077,124599,109284
201801,공항철도 1호선,홍대입구,27620,32750,82628,108684,67605,71225,4454,454,73380,46174,188082,188062
201712,공항철도 1호선,검암,91305,28961,94181,57898,42231,76044,10647,714,21101,92560,217234,180133
201712,공항철도 1호선,계양,136032,14498,130856,57584,32034,102409,8561,621,13616,115489,289065,188192
201712,공항철도 1호선,공덕,11748,11392,18688,21752,13306,22823,1606,149,9808,18008,41850,51301
201712,공항철도 1호선,공항화물청사,6453,50418,14632,20604,34214,4631,612,513,13745,4805,35442,76340
201712,공항철도 1호선,김포공항,28125,51836,123491,84119,78296,42828,2402,1810,64159,18094,218177,155859
201712,공항철도 1호선,디지털미디어시티,37078,118327,85804,111576,155533,47538,3256,644,70484,32822,196622,263369
201712,공항철도 1호선,서울역,33192,47474,150935,129824,85980,60836,5980,1369,60288,49439,250395,228106
201712,공항철도 1호선,영종,16335,4794,25825,14413,8723,15254,1359,140,3875,20001,47394,39348
201712,공항철도 1호선,운서,36754,27912,72503,48085,35966,44513,5724,555,24512,56662,139493,133214
201712,공항철도 1호선,인천공항1터미널,58649,120794,200564,245388,139692,83569,12167,6129,118409,56657,389789,428968
201712,공항철도 1호선,청라국제도시,53712,29720,56074,31550,35934,41316,2964,171,11063,47760,123813,109201
201712,공항철도 1호선,홍대입구,28137,32300,93293,118619,70375,79625,4463,475,82457,54142,208350,205536
201711,공항철도 1호선,검암,100874,29928,88864,56475,40308,82170,11211,683,20251,89542,221200,176628
201711,공항철도 1호선,계양,152744,15084,124597,56195,30306,113574,9358,620,12810,113543,299509,185442
201711,공항철도 1호선,공덕,12425,12878,17011,20179,14050,21675,1608,120,8847,15746,39891,48923
201711,공항철도 1호선,공항화물청사,6143,51896,14489,21000,37259,4414,672,592,13539,5105,34843,78593
201711,공항철도 1호선,김포공항,28992,54613,122190,82108,78536,42247,2664,1772,60354,16282,214200,154775
201711,공항철도 1호선,디지털미디어시티,40348,125528,82814,113859,166483,48369,3590,672,70080,30410,196832,270469
201711,공항철도 1호선,서울역,32875,50205,139667,117980,85362,56560,6078,1337,58342,40610,236962,210132
201711,공항철도 1호선,영종,17853,5215,23805,14526,8416,15486,1605,117,3489,18262,46752,38120
201711,공항철도 1호선,운서,36800,29807,63908,47443,36303,40903,5226,678,21703,48490,127637,126418
201711,공항철도 1호선,인천국제공항,57910,114681,182824,219551,128108,74182,12257,5485,95034,46473,348025,386190
201711,공항철도 1호선,청라국제도시,61298,30468,51807,31866,35430,44199,3368,151,10262,47272,126735,109757
201711,공항철도 1호선,홍대입구,30208,32603,86940,110766,68669,76288,4817,516,76705,48285,198670,192170
201710,공항철도 1호선,검암,84049,26968,92346,61832,39743,77362,10807,793,20628,83570,207830,173163
201710,공항철도 1호선,계양,127474,14376,126953,59532,29949,101933,8881,771,13246,104923,276554,179602
201710,공항철도 1호선,공덕,10330,10569,16858,18414,11728,18265,1523,113,7698,15299,36409,44395
201710,공항철도 1호선,공항화물청사,6157,45187,16204,21278,31782,4424,729,560,12247,5288,35337,72313
201710,공항철도 1호선,김포공항,26881,49247,124199,82277,74704,38542,2552,1696,59598,16311,213230,149531
201710,공항철도 1호선,디지털미디어시티,34286,96340,72298,95016,127308,41439,3564,530,56199,27969,166347,219855
201710,공항철도 1호선,서울역,30695,46346,141022,120030,79386,55904,6454,1559,58298,42256,236469,210191
201710,공항철도 1호선,영종,15357,4789,24916,15787,8057,14277,1445,104,3695,17497,45413,38177
201710,공항철도 1호선,운서,32592,27379,64902,51171,34315,38071,5407,682,20026,47489,122927,126721
201710,공항철도 1호선,인천국제공항,61375,110084,197755,229358,134571,73310,14834,6166,96794,43043,370758,388651
201710,공항철도 1호선,청라국제도시,50507,24803,52430,31378,29689,39964,3287,235,9631,42436,115855,98852
201710,공항철도 1호선,홍대입구,27678,27092,86624,115729,68111,72328,4990,548,81412,49848,200704,193217
201709,공항철도 1호선,검암,100260,31682,91091,60762,43820,82635,11179,815,21954,92569,224484,185828
201709,공항철도 1호선,계양,152875,15476,126061,59301,32329,113238,9585,740,14148,118038,302669,193555
201709,공항철도 1호선,공덕,11984,12927,17426,19771,13441,20184,1651,110,8934,15716,39995,48524
201709,공항철도 1호선,공항화물청사,6674,52729,15496,21419,37850,4768,658,660,14515,5779,37343,80587
201709,공항철도 1호선,김포공항,29021,55953,126999,84984,78754,41137,2631,1808,62023,17772,220674,160517
201709,공항철도 1호선,디지털미디어시티,40316,119088,78694,107029,153350,47335,3828,683,76698,31091,199536,257891
201709,공항철도 1호선,서울역,31845,47852,138204,112867,81931,53310,6301,1322,57248,40460,233598,202501
201709,공항철도 1호선,영종,17645,4985,24020,15483,8579,14647,1855,123,3919,19138,47439,39729
201709,공항철도 1호선,운서,36768,29684,63194,50239,36727,38093,5471,615,22458,49910,127891,130448
201709,공항철도 1호선,인천국제공항,55727,113798,190585,237475,122570,82086,12910,5890,95370,47976,354592,405139
201709,공항철도 1호선,청라국제도시,60048,30327,53732,33461,35096,44112,3490,245,11430,46771,128700,110804
201709,공항철도 1호선,홍대입구,29874,31721,81870,112604,70452,75910,4859,596,88226,49527,204829,194448
201708,공항철도 1호선,검암,96076,31047,88558,56834,42141,80903,11041,794,21751,88673,217426,177348
201708,공항철도 1호선,계양,141735,13854,119374,55703,29871,107951,9963,865,13603,113295,284675,183717
201708,공항철도 1호선,공덕,10997,12334,17005,18529,12782,19407,1593,105,8306,16050,37901,47018
201708,공항철도 1호선,공항화물청사,6046,52996,14867,20729,37915,4464,617,711,14087,4830,35617,79266
201708,공항철도 1호선,김포공항,27798,53465,130984,87433,79977,41427,2638,1864,63135,17666,224555,160428
201708,공항철도 1호선,디지털미디어시티,37492,117891,73220,101652,154369,45392,3809,882,71705,30663,186226,251088
201708,공항철도 1호선,서울역,30287,47167,143841,117768,81127,54901,6291,1318,56275,43962,236694,210215
201708,공항철도 1호선,영종,16381,4788,24182,15032,7996,14498,1664,97,4148,19000,46375,38917
201708,공항철도 1호선,운서,35452,29243,64690,53022,36660,38761,5769,658,23228,50379,129139,133302
201708,공항철도 1호선,인천국제공항,60637,116919,225497,269099,144439,86038,13834,7011,116074,52097,416042,445126
201708,공항철도 1호선,청라국제도시,55410,28704,51004,31645,32893,42565,3737,232,11328,44775,121479,105356
201708,공항철도 1호선,홍대입구,28156,28598,83190,113621,67324,74444,4991,570,84328,48982,200665,191771
201707,공항철도 1호선,검암,96434,30948,88926,56665,41855,80414,11334,797,21557,88721,218251,177131
201707,공항철도 1호선,계양,140997,13678,117183,54391,29408,107402,9663,808,13746,110509,281589,179386
201707,공항철도 1호선,공덕,11132,12080,16619,19285,12639,18924,1517,97,8373,15723,37641,47185
201707,공항철도 1호선,공항화물청사,5906,52617,15037,20814,37899,4303,539,685,13638,4836,35120,78952
201707,공항철도 1호선,김포공항,27506,53932,127192,86095,79207,40797,2603,1749,61837,17618,219138,159394
201707,공항철도 1호선,디지털미디어시티,37485,117098,71277,101197,149956,44089,3349,687,67721,30592,179832,249574
201707,공항철도 1호선,서울역,30182,46331,137965,112771,80008,53426,5939,1279,55571,41120,229657,201501
201707,공항철도 1호선,영종,16263,5008,23078,14838,8233,13849,1623,116,4406,19022,45370,38984
201707,공항철도 1호선,운서,34686,28790,63075,50906,35810,38378,5626,471,23039,47845,126426,128012
201707,공항철도 1호선,인천국제공항,54839,112321,202667,246068,126418,82017,11830,6186,100744,48442,370080,413017
201707,공항철도 1호선,청라국제도시,55568,28597,50138,31780,33058,41588,3551,166,11061,45009,120318,105552
201707,공항철도 1호선,홍대입구,29005,28516,80217,109419,66245,72065,4851,503,82692,48426,196765,186864
201706,공항철도 1호선,검암,99402,29774,88734,58159,41426,80914,11805,881,22260,90444,222201,179258
201706,공항철도 1호선,계양,144828,14779,121680,57783,30429,108522,10157,728,14493,114032,291158,187322
201706,공항철도 1호선,공덕,11811,12266,16816,18428,12877,18615,1430,106,8574,15610,38631,46410
201706,공항철도 1호선,공항화물청사,6017,51751,14908,20754,37504,4241,544,682,13599,4836,35068,78023
201706,공항철도 1호선,김포공항,30243,54833,126046,82318,79253,40042,2770,1866,63302,17687,222361,156704
201706,공항철도 1호선,디지털미디어시티,39668,120637,77880,105690,150379,46325,3413,786,71935,31491,192896,258604
201706,공항철도 1호선,서울역,29795,47792,133597,110722,80523,53050,5535,1097,60058,40733,228985,200344
201706,공항철도 1호선,영종,16736,5329,22654,14909,8554,14081,1533,104,4573,18659,45496,39001
201706,공항철도 1호선,운서,35009,30292,61318,51402,37995,38247,5379,453,23911,46474,125617,128621
201706,공항철도 1호선,인천국제공항,52516,109648,185422,222064,121248,74728,13113,5999,90660,45622,341711,383333
201706,공항철도 1호선,청라국제도시,57548,24728,50228,31902,29254,42274,3647,193,10051,45617,121474,102440
201706,공항철도 1호선,홍대입구,29986,30223,81588,107653,65110,72605,5001,593,85537,49339,202112,187808
201705,공항철도 1호선,검암,96325,29286,96006,62278,40544,81392,11977,958,22363,92960,226671,185482
201705,공항철도 1호선,계양,142510,15163,131519,61474,31202,108428,10012,685,15143,117945,299184,195267
201705,공항철도 1호선,공덕,11659,10949,16746,18594,11870,18358,1506,126,8344,15816,38255,45485
201705,공항철도 1호선,공항화물청사,6083,50265,15570,20988,36219,4305,584,647,13332,5056,35569,76956
201705,공항철도 1호선,김포공항,31385,53544,128694,82420,80243,39142,2823,1878,61717,17871,224619,155713
201705,공항철도 1호선,디지털미디어시티,37645,110342,77664,104878,139287,44612,3498,607,76959,31485,195766,247312
201705,공항철도 1호선,서울역,30285,50365,137508,117993,82948,54168,5601,1235,61943,42624,235337,212217
201705,공항철도 1호선,영종,16712,5273,23723,15685,8676,14080,1545,97,4188,18720,46168,39775
201705,공항철도 1호선,운서,35720,30871,65085,54536,38072,38680,5113,451,22683,48368,128601,134226
201705,공항철도 1호선,인천국제공항,55053,106704,184526,214162,120896,70154,12905,5923,88490,42828,340974,369617
201705,공항철도 1호선,청라국제도시,57617,18419,53468,31577,22752,42840,3509,189,8924,46960,123518,97145
201705,공항철도 1호선,홍대입구,29899,29612,87455,117477,70411,72781,4947,534,88245,50153,210546,197776
201704,공항철도 1호선,검암,99774,30025,93858,59906,40972,80895,11653,818,21508,93533,226793,184282
201704,공항철도 1호선,계양,146175,14144,127761,59376,30630,109092,9206,655,14064,118090,297206,192265
201704,공항철도 1호선,공덕,11983,11149,16260,17624,11875,18268,1456,110,8091,15212,37790,44095
201704,공항철도 1호선,공항화물청사,5928,50490,14909,20500,36564,4330,493,657,13386,4858,34716,76505
201704,공항철도 1호선,김포공항,28869,53561,123125,80021,80044,38989,2792,1828,62084,16730,216870,152140
201704,공항철도 1호선,디지털미디어시티,39435,117394,79384,107421,148288,44323,3208,735,75426,31629,197453,257179
201704,공항철도 1호선,서울역,31393,49794,134522,112806,81641,52049,5671,1101,58078,40774,229664,204475
201704,공항철도 1호선,영종,16448,4893,22352,14611,8116,13360,1403,73,3766,17936,43969,37513
201704,공항철도 1호선,운서,33861,30477,61549,51934,38315,35842,4927,411,22024,46188,122361,129010
201704,공항철도 1호선,인천국제공항,53749,106195,172895,206514,113233,71708,10887,5468,84171,42437,321702,360614
201704,공항철도 1호선,청라국제도시,59069,17558,50071,29873,21607,42083,3269,187,8535,47272,120944,94890
201704,공항철도 1호선,홍대입구,30681,29354,84102,109449,66530,70653,4787,514,80120,48997,199690,188314
201703,공항철도 1호선,검암,106058,32421,95146,57922,43243,84901,11782,724,21710,96909,234696,187976
201703,공항철도 1호선,계양,157163,15033,129916,59004,31230,116850,9161,565,13689,124874,309929,199476
201703,공항철도 1호선,공덕,12260,11667,15932,17971,12219,19563,1295,93,8100,16038,37587,45769
201703,공항철도 1호선,공항화물청사,6245,55019,15335,21608,39951,4621,704,698,14356,5349,36640,82674
201703,공항철도 1호선,김포공항,30258,53987,123635,79161,78941,40037,2528,1815,62150,16945,218571,151908
201703,공항철도 1호선,디지털미디어시티,41629,128298,80356,108108,161022,49475,3440,721,76091,33025,201516,270152
201703,공항철도 1호선,서울역,21940,45796,113473,100329,80393,48003,4032,1091,56110,36323,195555,183539
201703,공항철도 1호선,영종,17375,4629,22422,13733,7976,14147,1248,67,3670,18531,44715,36960
201703,공항철도 1호선,운서,34519,30176,60528,48574,37396,37229,4940,458,22920,46840,122907,126048
201703,공항철도 1호선,인천국제공항,46863,99201,160546,178535,108253,56549,9711,5808,89200,33754,306320,317298
201703,공항철도 1호선,청라국제도시,63002,19681,50938,28908,23159,44453,3383,186,8570,49854,125893,98629
201703,공항철도 1호선,홍대입구,30237,30987,82426,112444,69597,74941,4094,404,79640,47726,196397,191561
201702,공항철도 1호선,검암,92141,26834,88801,52531,38803,74265,10591,522,20103,89783,211636,169670
201702,공항철도 1호선,계양,131240,11288,117398,50692,27664,99614,8243,534,11890,111540,268771,174054
201702,공항철도 1호선,공덕,10440,10185,14590,15711,10950,16259,1164,76,6821,14491,33015,40463
201702,공항철도 1호선,공항화물청사,5611,50436,14095,19119,36252,4304,463,571,13247,4869,33416,74995
201702,공항철도 1호선,김포공항,25529,44577,116155,66833,72629,33499,2143,1466,58279,14800,202106,127676
201702,공항철도 1호선,디지털미디어시티,34958,115665,74904,102974,149915,44383,3258,587,70258,30446,183378,249672
201702,공항철도 1호선,서울역,20594,40990,109734,98773,73801,47492,3665,1093,53498,37364,187491,178220
201702,공항철도 1호선,영종,13877,4140,21314,11744,7127,12301,1107,51,3020,16874,39318,32809
201702,공항철도 1호선,운서,29327,26449,58619,43762,32382,34241,4507,366,21070,44580,113523,115157
201702,공항철도 1호선,인천국제공항,41741,96289,154964,181639,106596,57834,7266,5546,95225,35519,299196,318993
201702,공항철도 1호선,청라국제도시,51533,16229,46857,25904,20945,37257,2956,124,7706,45621,109052,87878
201702,공항철도 1호선,홍대입구,26491,24980,77196,106633,64508,67495,3717,368,72280,43600,179684,175581
201701,공항철도 1호선,검암,94200,27778,93538,57695,40668,76369,11380,681,21158,91489,220276,177643
201701,공항철도 1호선,계양,130601,12000,118963,53118,28877,100655,8210,577,12611,113060,270385,178755
201701,공항철도 1호선,공덕,10644,9428,15440,15966,10629,15942,1287,82,6465,14558,33836,40034
201701,공항철도 1호선,공항화물청사,6008,52224,14877,19988,37433,4389,567,630,13176,5334,34628,78176
201701,공항철도 1호선,김포공항,26224,47713,121399,77236,76291,38331,2267,1574,62565,15601,212455,142124
201701,공항철도 1호선,디지털미디어시티,34810,109533,74508,101993,143862,42574,3260,636,66691,30621,179269,242783
201701,공항철도 1호선,서울역,21804,42500,118863,106353,75654,49363,4021,1184,58472,37880,203160,187917
201701,공항철도 1호선,영종,13870,3907,22326,12606,7140,13047,1069,37,3040,16892,40305,33442
201701,공항철도 1호선,운서,31493,25395,60408,45148,32380,36867,5239,335,20975,46344,118115,117222
201701,공항철도 1호선,인천국제공항,45261,104325,159807,202911,109336,63859,7375,6508,102802,39259,315245,353003
201701,공항철도 1호선,청라국제도시,51508,15885,48039,26718,20964,36790,2885,111,7833,46659,110265,89373
201701,공항철도 1호선,홍대입구,26417,26709,77907,104544,62768,64176,4120,458,70083,43481,178527,175192
201612,공항철도 1호선,검암,102670,29652,101584,59161,45069,80914,11966,747,22615,102653,238835,192213
201612,공항철도 1호선,계양,144058,13424,131117,56837,34131,107414,8619,619,13833,126241,297627,197121
201612,공항철도 1호선,공덕,11433,10629,15227,16771,11208,17598,1217,97,7236,15173,35113,42670
201612,공항철도 1호선,공항화물청사,5898,54382,16017,21495,39369,4552,557,634,13915,5346,36387,81857
201612,공항철도 1호선,김포공항,27527,49825,121610,77823,79606,39052,2360,1600,63254,16667,214751,145915
201612,공항철도 1호선,디지털미디어시티,38931,115687,84878,113845,156649,48351,3289,720,73249,33643,200347,263895
201612,공항철도 1호선,서울역,23000,45566,122037,111447,80908,51033,4151,1005,61472,38746,210660,196764
201612,공항철도 1호선,영종,15219,4153,22838,13147,8203,13862,1153,72,3575,18017,42785,35389
201612,공항철도 1호선,운서,33452,28425,66096,47294,35425,38174,5060,339,23599,49228,128207,125286
201612,공항철도 1호선,인천국제공항,44431,100120,151026,185265,108174,59925,7577,6152,94573,36288,297607,327825
201612,공항철도 1호선,청라국제도시,56010,18477,53045,29211,24226,39216,3041,116,8642,51475,120738,99279
201612,공항철도 1호선,홍대입구,29376,30509,82492,106437,66862,72581,4103,533,79718,49616,195689,187095
201611,공항철도 1호선,검암,108403,30538,96586,58670,43367,83777,12057,776,21990,98827,239036,188811
201611,공항철도 1호선,계양,150435,13635,126782,54428,31441,112747,9229,635,12812,123319,299258,192017
201611,공항철도 1호선,공덕,11664,10895,14793,16028,11333,16923,1229,100,6679,14131,34365,41154
201611,공항철도 1호선,공항화물청사,5818,52955,14841,21181,38624,4428,521,541,13759,5140,34939,79817
201611,공항철도 1호선,김포공항,29556,51734,120019,77546,77631,39952,2413,1631,61654,16237,213642,147148
201611,공항철도 1호선,디지털미디어시티,41220,118880,83902,117183,162476,49629,3342,735,73613,33390,202077,270188
201611,공항철도 1호선,서울역,23537,47830,113108,106236,79653,48298,4468,919,62861,33840,203974,188825
201611,공항철도 1호선,영종,14559,4285,18713,12218,7336,12798,1135,60,2988,15749,37395,32312
201611,공항철도 1호선,운서,33878,27546,59780,44771,34352,36847,4780,385,21545,43831,119983,116533
201611,공항철도 1호선,인천국제공항,44048,94943,138436,166227,101104,55321,8041,5654,81324,32627,271849,299451
201611,공항철도 1호선,청라국제도시,60055,17339,50366,27392,22736,41332,3179,121,8015,51059,121615,95911
201611,공항철도 1호선,홍대입구,30565,30393,77515,100261,64148,68138,4269,511,75287,46542,187636,177707
201610,공항철도 1호선,검암,108120,31530,106062,70018,45934,85716,12953,1002,23646,103574,250781,206124
201610,공항철도 1호선,계양,145721,14102,130981,58766,32179,109688,9700,767,13513,121175,299915,194810
201610,공항철도 1호선,공덕,11309,10431,15448,16224,10788,16342,1307,161,6809,14156,34873,40972
201610,공항철도 1호선,공항화물청사,5732,51970,16705,22459,37469,4492,495,543,14609,5215,37541,80187
201610,공항철도 1호선,김포공항,28905,49895,123238,78953,82662,38282,2617,1544,66729,16357,221489,146749
201610,공항철도 1호선,디지털미디어시티,39146,110898,85370,123608,151536,54069,3607,872,89911,32915,218034,268293
201610,공항철도 1호선,서울역,24491,48428,122173,109529,79452,49636,4864,1098,62427,38706,213955,197761
201610,공항철도 1호선,영종,14663,4207,19631,13403,7812,13170,1233,85,3147,16005,38674,33700
201610,공항철도 1호선,운서,35102,28483,63569,50985,36950,38112,5378,431,22541,46267,126590,126166
201610,공항철도 1호선,인천국제공항,47360,98082,154172,179026,107765,58120,8946,6201,84427,34315,294905,317624
201610,공항철도 1호선,청라국제도시,58816,16600,53458,30451,21321,41199,3423,172,9082,49805,124779,97028
201610,공항철도 1호선,홍대입구,31092,30739,83999,107775,67528,70120,4987,549,82282,49981,202360,189044
201609,공항철도 1호선,검암,104707,29099,101614,63646,43468,81997,12717,913,22813,100664,241851,194322
201609,공항철도 1호선,계양,135288,13106,118827,53022,29967,99223,8767,650,13223,112733,276105,179511
201609,공항철도 1호선,공덕,10443,9629,14479,14638,9818,14724,1261,110,6074,12821,32257,37198
201609,공항철도 1호선,공항화물청사,5532,48800,15337,20459,34606,4476,466,562,13999,5165,35334,74986
201609,공항철도 1호선,김포공항,26955,48496,116675,77073,77348,36229,2453,1738,61924,15185,208007,142492
201609,공항철도 1호선,디지털미디어시티,37496,101729,72742,97628,129892,42608,3403,638,70349,29743,183990,229738
201609,공항철도 1호선,서울역,22994,45007,116809,104826,77690,46453,4770,962,59977,35534,204550,186329
201609,공항철도 1호선,영종,13370,3918,17938,12514,6838,11920,1115,77,3072,14587,35495,31096
201609,공항철도 1호선,운서,32194,26104,57698,45891,33267,35175,5309,352,21426,43366,116627,115713
201609,공항철도 1호선,인천국제공항,45787,97609,152767,187945,106390,60074,8820,6440,88874,34643,296248,326637
201609,공항철도 1호선,청라국제도시,54863,15138,48483,26422,19325,37760,3076,129,7824,46784,114246,88473
201609,공항철도 1호선,홍대입구,28842,28495,75038,97092,62121,64347,4676,492,79717,46104,188273,172183
201608,공항철도 1호선,검암,117187,32173,110228,68514,47028,90822,14568,1149,25729,111589,267712,213425
201608,공항철도 1호선,계양,138287,12975,117620,52040,29803,103557,9640,628,14117,116694,279664,182337
201608,공항철도 1호선,공덕,10607,9964,15792,15804,10573,15694,1400,111,6557,14612,34356,40491
201608,공항철도 1호선,공항화물청사,5844,51714,15179,20651,37573,4671,512,759,15073,5376,36608,78500
201608,공항철도 1호선,김포공항,26990,51143,123030,85398,81369,37170,2765,1743,64690,16239,217475,154523
201608,공항철도 1호선,디지털미디어시티,37193,111626,72381,99076,143855,44641,3710,753,69285,31323,182569,242778
201608,공항철도 1호선,서울역,24203,47910,125830,109431,80757,48856,5462,1170,60732,40983,216227,199494
201608,공항철도 1호선,영종,13404,3992,18763,12152,7168,12633,1171,96,3174,16067,36512,32307
201608,공항철도 1호선,운서,33762,27988,62508,50332,35278,37950,6016,483,23634,47797,125920,126600
201608,공항철도 1호선,인천국제공항,52004,106177,200515,251279,138609,67147,9039,8145,106046,42572,367604,408173
201608,공항철도 1호선,청라국제도시,56629,16355,50092,27311,20744,39468,3632,156,8533,49698,118886,93520
201608,공항철도 1호선,홍대입구,29732,28111,82031,105479,64025,68416,5139,505,82548,49859,199450,183954
201607,공항철도 1호선,검암,194670,40810,182963,94351,67317,144523,17718,1505,32395,172958,427746,309624
201607,공항철도 1호선,계양,138719,13562,120178,53656,30757,102252,9590,592,14475,116141,282962,183951
201607,공항철도 1호선,공덕,10574,10276,15480,14998,10118,15302,1315,115,6464,13754,33833,39143
201607,공항철도 1호선,공항화물청사,5825,50251,15396,21454,36871,4400,489,668,14039,5323,35749,77696
201607,공항철도 1호선,김포공항,26469,48798,111227,78981,78699,35853,2873,1582,61339,16128,201908,145489
201607,공항철도 1호선,디지털미디어시티,38300,112724,73967,101169,143886,44135,3578,610,69668,31846,185513,246349
201607,공항철도 1호선,서울역,24104,47905,121263,110889,81105,49339,5046,1128,62512,41288,212925,201210
201607,공항철도 1호선,영종,14058,3831,19273,12227,7351,12519,1108,60,3148,16421,37587,32539
201607,공항철도 1호선,운서,33601,27068,60898,47199,34935,37534,5650,481,23377,47336,123526,122084
201607,공항철도 1호선,인천국제공항,46479,100183,166700,207450,112605,63837,8822,6346,94510,40809,316511,354788
201607,공항철도 1호선,청라국제도시,57109,16074,48711,27974,20175,39260,3434,201,8464,48914,117718,93163
201607,공항철도 1호선,홍대입구,29909,27965,78810,100510,62672,67805,5067,530,82218,48991,196004,177996
201606,공항철도 1호선,검암,203925,41550,182335,93653,71011,143692,17226,1384,32270,175950,435756,312537
201606,공항철도 1호선,계양,143291,13966,121486,54136,30213,104226,9828,707,14781,117475,289386,186284
201606,공항철도 1호선,공덕,11379,9970,14938,14956,10017,14731,1280,87,6531,13350,34128,38363
201606,공항철도 1호선,공항화물청사,5493,49188,14826,20972,36344,4355,504,645,13901,4766,34724,75571
201606,공항철도 1호선,김포공항,26853,51384,113221,77044,77000,36063,2616,1683,60046,16116,202736,146227
201606,공항철도 1호선,디지털미디어시티,39409,113418,75264,100059,140883,43707,3617,659,69881,31843,188171,245979
201606,공항철도 1호선,서울역,24876,50676,118177,107247,83539,46897,4903,1072,63523,37967,211479,196962
201606,공항철도 1호선,영종,13667,3616,18167,11575,6673,12034,1234,80,3159,15596,36227,30867
201606,공항철도 1호선,운서,33667,27414,56919,47284,35030,35865,4968,389,23197,44308,118751,119395
201606,공항철도 1호선,인천국제공항,44212,97134,147472,180594,103036,57272,8986,5151,79996,35154,280666,318033
201606,공항철도 1호선,청라국제도시,59245,16520,47572,28662,20313,38764,3496,255,8340,48653,118653,94090
201606,공항철도 1호선,홍대입구,31092,29474,76420,94493,59795,64418,5100,528,79414,47521,192026,172016
201605,공항철도 1호선,검암,209568,41721,197731,99638,70048,149370,16902,1330,32508,184571,456709,327260
201605,공항철도 1호선,계양,149114,14088,131381,56962,31299,107435,9512,654,14927,122109,304934,193813
201605,공항철도 1호선,공덕,11153,9628,15159,14823,9482,15025,1247,98,6420,13782,33979,38331
201605,공항철도 1호선,공항화물청사,5374,47972,14998,21145,35326,4314,621,598,13130,5003,34123,74718
201605,공항철도 1호선,김포공항,28978,50820,115011,78306,77675,37858,2740,1665,60031,16948,206760,147739
201605,공항철도 1호선,디지털미디어시티,40670,112976,78450,103443,139333,44462,3476,757,80681,32529,203277,249705
201605,공항철도 1호선,서울역,25242,52669,117822,110437,84131,48809,4801,1161,66377,39276,214242,203543
201605,공항철도 1호선,영종,13196,3471,18093,11529,6438,11501,1102,73,2765,15258,35156,30331
201605,공항철도 1호선,운서,35283,26819,60963,50611,35904,37825,4876,430,22766,45994,123888,123854
201605,공항철도 1호선,인천국제공항,44327,92228,141752,168759,101282,54821,9729,4959,72652,32430,268460,298376
201605,공항철도 1호선,청라국제도시,60379,16346,50667,28116,20363,39595,3341,203,8061,50836,122448,95501
201605,공항철도 1호선,홍대입구,31129,30022,79698,100557,62082,64082,5299,586,78147,48149,194273,179314
201604,공항철도 1호선,검암,204971,40415,191054,97896,67286,145277,16088,1281,30481,178914,442594,318506
201604,공항철도 1호선,계양,145950,13588,125552,53814,30095,104148,8809,590,13721,118829,294032,186821
201604,공항철도 1호선,공덕,11027,9321,14795,14736,9342,14819,1116,92,6382,13484,33320,37633
201604,공항철도 1호선,공항화물청사,5377,47453,14875,20919,35121,4321,567,596,13521,4792,34340,73760
201604,공항철도 1호선,김포공항,26233,49830,106715,75017,75245,34954,2499,1542,58745,15816,194192,142205
201604,공항철도 1호선,디지털미디어시티,39574,111187,76219,99588,136493,42909,3318,923,71815,31052,190926,242750
201604,공항철도 1호선,서울역,23460,50114,109316,104052,79489,46657,4542,911,64241,36482,201559,191559
201604,공항철도 1호선,영종,11386,2809,16650,10918,5870,10217,981,52,2297,13121,31314,26900
201604,공항철도 1호선,운서,34598,25818,59845,48440,34734,36668,4479,384,21718,44410,120640,119052
201604,공항철도 1호선,인천국제공항,39982,86286,132926,157793,95556,51575,8989,4876,73628,30952,255525,279907
201604,공항철도 1호선,청라국제도시,59309,15390,48309,27678,19122,38191,3321,174,7651,49453,118590,92695
201604,공항철도 1호선,홍대입구,30324,28940,75241,92581,58880,62052,4474,455,72031,45883,182070,167859
201603,공항철도 1호선,검암,217210,40853,188937,93616,66211,153101,16167,1221,30560,186082,452874,321772
201603,공항철도 1호선,계양,155156,13239,124787,52187,29372,108180,8905,587,13126,125135,301974,191148
201603,공항철도 1호선,공덕,11348,9799,14736,14472,9656,15618,1084,114,6581,13873,33749,38258
201603,공항철도 1호선,공항화물청사,5723,50407,14806,21704,38251,4513,690,611,14287,5272,35506,77994
201603,공항철도 1호선,김포공항,26845,51435,105693,72512,73728,35786,2360,1568,57133,16356,192031,141871
201603,공항철도 1호선,디지털미디어시티,41774,120315,75505,99791,146329,44287,3129,841,72065,31207,192473,252154
201603,공항철도 1호선,서울역,23554,49995,108341,101406,80163,45021,4370,882,61507,35117,197772,187400
201603,공항철도 1호선,영종,1942,433,3253,2177,895,1865,188,12,336,2348,5719,4970
201603,공항철도 1호선,운서,41434,26804,64032,49187,35680,43200,5015,319,22427,52107,132908,128417
201603,공항철도 1호선,인천국제공항,38523,86336,136028,154357,98004,48460,9430,4735,77974,28450,261955,273878
201603,공항철도 1호선,청라국제도시,64712,15450,49553,27273,19836,40989,3228,154,7988,52384,125481,95261
201603,공항철도 1호선,홍대입구,30388,29446,73477,94020,60292,62543,4141,443,70899,44060,178905,167969
201602,공항철도 1호선,검암,163184,32074,176299,88056,58312,127261,14162,1129,26824,155444,380469,276703
201602,공항철도 1호선,계양,117620,10438,111029,47060,26404,87123,7357,565,12090,103520,248096,161583
201602,공항철도 1호선,공덕,9148,7876,13740,12867,8348,13309,968,88,5758,12155,29614,32986
201602,공항철도 1호선,공항화물청사,5708,43489,13452,19211,32135,4071,679,435,13092,4821,32931,67956
201602,공항철도 1호선,김포공항,21023,42664,105527,71244,67985,34097,2140,1365,54939,15081,183629,130354
201602,공항철도 1호선,디지털미디어시티,31242,96221,66050,83009,120853,36332,2889,582,56274,26595,156455,206407
201602,공항철도 1호선,서울역,20963,43425,109498,108263,72378,45081,4543,1026,57107,35638,192111,188352
201602,공항철도 1호선,운서,33889,23042,64546,45593,30389,39568,4613,321,19066,49083,122114,118039
201602,공항철도 1호선,인천국제공항,37127,84821,143985,169294,98309,53479,7499,5014,81532,30641,270143,289770
201602,공항철도 1호선,청라국제도시,48242,12403,46275,24800,16953,34101,2551,125,7050,43336,104118,80664
201602,공항철도 1호선,홍대입구,23460,20850,66138,85103,51685,53461,3537,323,57704,37135,150839,143411
201601,공항철도 1호선,검암,179677,35816,183328,91985,62909,139694,15760,1270,28590,167382,407355,296453
201601,공항철도 1호선,계양,129391,11107,117521,49292,27936,96029,8175,620,12534,111850,267621,172869
201601,공항철도 1호선,공덕,9635,8523,14218,12504,9006,13246,1031,102,5915,12431,30799,33560
201601,공항철도 1호선,공항화물청사,5945,45248,13909,19618,35747,4476,805,471,13159,5338,33818,70675
201601,공항철도 1호선,김포공항,21903,46729,105671,72813,71063,34342,2201,1585,54966,15063,184741,136190
201601,공항철도 1호선,디지털미디어시티,33850,105482,67757,91164,135396,38645,3212,651,62820,27643,167639,224940
201601,공항철도 1호선,서울역,22018,45493,110157,107054,76165,46546,5027,1093,59740,35323,196942,188963
201601,공항철도 1호선,운서,37451,23109,68226,47745,31165,43610,4931,388,20061,51945,130669,123187
201601,공항철도 1호선,인천국제공항,39551,93222,143163,170038,98209,53179,6251,5056,81364,28788,270329,297104
201601,공항철도 1호선,청라국제도시,53611,14102,48694,25441,19030,37912,2981,106,7256,46964,112542,86613
201601,공항철도 1호선,홍대입구,24854,23389,69368,89142,54921,57320,3912,437,63459,39239,161593,152207
201512,공항철도 1호선,검암,198538,38488,198207,98205,72562,148622,16046,1370,30181,183065,442972,321128
201512,공항철도 1호선,계양,141900,12873,127438,52556,31696,102365,8282,580,13751,122975,291371,188984
201512,공항철도 1호선,공덕,10419,9865,15087,13554,9801,13713,1136,150,6830,13264,33472,36833
201512,공항철도 1호선,공항화물청사,5703,47239,14718,20831,36132,4252,673,506,13592,5216,34686,73792
201512,공항철도 1호선,김포공항,23081,50496,109199,77593,76364,37520,2140,1561,57493,16694,191913,146344
201512,공항철도 1호선,디지털미디어시티,37470,106198,78848,101077,141923,45179,3252,676,68099,31306,187669,239257
201512,공항철도 1호선,서울역,23162,48875,117380,117003,84428,49436,4926,1090,65708,37185,211176,204153
201512,공항철도 1호선,운서,39389,26803,73461,49935,35078,45122,5052,355,22999,55561,140901,132654
201512,공항철도 1호선,인천국제공항,38276,90656,131903,158522,97473,54082,6897,4709,75410,28261,252486,282148
201512,공항철도 1호선,청라국제도시,58949,15473,53204,28534,20894,40045,2861,161,7599,50409,122613,94577
201512,공항철도 1호선,홍대입구,27024,27128,72713,93915,57881,63738,4208,472,72082,42581,176027,164096
201511,공항철도 1호선,검암,198660,37820,184991,94512,65618,147126,15963,1183,28338,170492,427952,304007
201511,공항철도 1호선,계양,144102,13124,119821,50754,28724,102881,8667,490,12457,117170,285047,181538
201511,공항철도 1호선,공덕,9798,9806,13806,13015,9285,12671,1107,118,6420,11855,31131,34794
201511,공항철도 1호선,공항화물청사,5557,44488,13152,19764,35035,4039,581,496,12854,4768,32144,69516
201511,공항철도 1호선,김포공항,23560,49824,107225,74958,75438,36357,2189,1568,56762,15780,189736,142130
201511,공항철도 1호선,디지털미디어시티,37148,100063,71541,96559,137385,42003,3268,729,61925,29334,173882,226685
201511,공항철도 1호선,서울역,24332,51911,110204,110037,82181,48324,4644,1151,64565,34181,203745,197280
201511,공항철도 1호선,운서,40062,26535,66769,47973,32482,42725,4835,304,20029,50282,131695,125094
201511,공항철도 1호선,인천국제공항,36768,85591,122015,144907,90203,48637,6902,3901,68403,25879,234088,260278
201511,공항철도 1호선,청라국제도시,59134,14995,49522,27351,19782,40065,2814,203,7475,48309,118945,90858
201511,공항철도 1호선,홍대입구,27307,27511,67100,86958,54142,58057,4225,476,65853,39236,164485,154181
201510,공항철도 1호선,검암,209849,39468,204196,112961,73023,152977,16339,1235,30087,181075,460471,334739
201510,공항철도 1호선,계양,151155,13758,128965,56591,31747,106912,9523,601,13960,124358,303603,195308
201510,공항철도 1호선,공덕,9873,10291,14596,12978,10099,12566,1118,105,6964,11912,32551,35286
201510,공항철도 1호선,공항화물청사,5443,45295,14854,21703,35077,3963,637,472,13530,4820,34464,72290
201510,공항철도 1호선,김포공항,24380,53194,111731,78541,76309,37106,2481,1534,58817,17249,197409,150518
201510,공항철도 1호선,디지털미디어시티,38211,100880,75105,103343,136263,44027,3481,754,65277,29977,182074,234954
201510,공항철도 1호선,서울역,25287,55902,117097,115067,85939,49532,5181,1172,68026,36864,215591,209005
201510,공항철도 1호선,운서,42821,28101,71689,55429,36825,45106,4926,348,22117,53000,141553,136878
201510,공항철도 1호선,인천국제공항,40521,91739,132020,156412,96811,52830,8291,3904,71862,26721,252694,278776
201510,공항철도 1호선,청라국제도시,61635,15166,53267,29431,19752,41087,2941,160,7835,50262,125678,95019
201510,공항철도 1호선,홍대입구,28723,28561,70942,91850,59170,61145,4671,513,76081,42582,180417,163506
201509,공항철도 1호선,검암,193528,35981,178892,95756,64693,141111,14947,1157,31002,166747,418369,299641
201509,공항철도 1호선,계양,140233,13171,115859,52725,29475,99949,8232,584,13765,113763,278089,180243
201509,공항철도 1호선,공덕,9406,9676,13130,11861,9423,11284,984,107,6369,11138,29889,32782
201509,공항철도 1호선,공항화물청사,5383,42136,13247,18743,32427,3766,564,412,12384,4559,31578,65850
201509,공항철도 1호선,김포공항,22243,50029,101793,73846,71973,34149,2177,1628,54675,15330,180888,140833
201509,공항철도 1호선,디지털미디어시티,35091,94073,65316,90605,120872,42396,3196,712,73659,27706,177262,213096
201509,공항철도 1호선,서울역,23973,52520,110763,108670,81882,47375,4908,984,64142,34304,203786,196478
201509,공항철도 1호선,운서,39697,26206,65408,51419,34102,41131,4739,308,20312,49173,130156,127106
201509,공항철도 1호선,인천국제공항,36960,85616,123842,151059,91401,51557,6927,3627,66236,25655,233965,265957
201509,공항철도 1호선,청라국제도시,56050,13929,46427,27213,18846,36943,2651,159,7534,45495,112662,86796
201509,공항철도 1호선,홍대입구,27371,27062,65827,81581,55537,56799,4634,550,74435,39463,172267,148656
201508,공항철도 1호선,검암,179517,34909,185582,96187,62883,136859,15779,1258,30654,169073,411532,301427
201508,공항철도 1호선,계양,128582,13143,116593,52856,29600,96407,8555,671,14651,111751,268381,178421
201508,공항철도 1호선,공덕,8842,9675,14281,12431,9644,10902,1049,102,6349,11346,30521,33554
201508,공항철도 1호선,공항화물청사,5644,42915,13570,19227,33058,3943,654,454,13213,4890,33081,67486
201508,공항철도 1호선,김포공항,21875,48741,112039,81994,71214,36007,2289,1668,58274,16251,194477,148654
201508,공항철도 1호선,디지털미디어시티,31596,88851,62128,81555,114079,37038,3191,785,55276,28165,152191,199356
201508,공항철도 1호선,서울역,23932,50793,117170,116786,80431,49229,5992,1189,65094,38149,212188,206917
201508,공항철도 1호선,운서,39257,27816,71501,54556,34924,42114,5167,394,22018,53266,137943,136032
201508,공항철도 1호선,인천국제공항,43494,97424,163119,194024,113423,56958,7323,4323,80232,29756,294168,325527
201508,공항철도 1호선,청라국제도시,52090,14759,48136,27191,18775,36419,2815,179,8505,45286,111546,87415
201508,공항철도 1호선,홍대입구,26426,24163,68539,85791,55839,56363,5063,579,75452,39675,175480,150208
201507,공항철도 1호선,검암,197532,38378,176234,90867,65492,140321,15611,1198,31499,174520,420876,304963
201507,공항철도 1호선,계양,143416,13535,113673,50508,29821,103061,8974,642,14857,115112,280920,179797
201507,공항철도 1호선,공덕,9629,10667,13838,12355,10005,11421,970,115,6658,11210,31095,34347
201507,공항철도 1호선,공항화물청사,5490,46897,13934,19836,36497,3933,651,418,13324,4740,33399,71891
201507,공항철도 1호선,김포공항,21853,51538,103258,77056,72991,35719,2195,1783,55871,16033,183177,146410
201507,공항철도 1호선,디지털미디어시티,35147,104668,63838,89448,131656,39303,3156,770,63561,27879,165702,222765
201507,공항철도 1호선,서울역,22936,50980,100167,108863,79576,46955,5305,1017,60821,34706,189229,195566
201507,공항철도 1호선,운서,42236,27986,68390,51367,35580,43507,4973,329,23911,53037,139510,132719
201507,공항철도 1호선,인천국제공항,35418,92557,127756,157322,96357,47245,6241,3743,63753,26922,233168,280544
201507,공항철도 1호선,청라국제도시,57645,15028,45203,25879,19316,37601,3117,190,8490,47082,114455,88179
201507,공항철도 1호선,홍대입구,26902,26406,60591,79415,53347,54826,4520,501,74397,36185,166410,142507
201506,공항철도 1호선,검암,195975,37256,154827,82106,58586,132749,15354,1295,30231,162610,396387,283267
201506,공항철도 1호선,계양,140352,13626,101038,46250,26719,97360,8865,682,14024,109134,264279,169692
201506,공항철도 1호선,공덕,9103,10868,11644,10957,9158,10593,881,105,6175,10369,27803,32299
201506,공항철도 1호선,공항화물청사,5459,44924,13081,19105,35049,3877,804,465,12826,4389,32170,68883
201506,공항철도 1호선,김포공항,20389,51523,83320,64938,65254,30182,2228,1681,49895,14812,155832,132954
201506,공항철도 1호선,디지털미디어시티,34535,99125,59374,83582,122474,36904,2913,760,61484,26334,158306,209801
201506,공항철도 1호선,서울역,22527,48320,84100,87202,70707,39667,4723,894,56021,29998,167371,166414
201506,공항철도 1호선,운서,39802,27387,56812,45352,33907,37241,4810,378,22549,48080,123973,121197
201506,공항철도 1호선,인천국제공항,32139,85645,103841,130697,82004,41460,6719,3278,54008,25129,196707,244749
201506,공항철도 1호선,청라국제도시,55216,14758,39098,23402,18273,34426,3052,176,7838,42891,105204,81227
201506,공항철도 1호선,홍대입구,26179,27490,54828,69757,48827,48821,4392,528,66799,33628,152198,131403
201505,공항철도 1호선,검암,192996,36844,204021,104206,65901,143934,15916,1334,32775,181553,445708,323937
201505,공항철도 1호선,계양,136218,14390,129835,58357,31804,100832,8983,800,15878,121055,290914,194602
201505,공항철도 1호선,공덕,9374,9865,14546,12855,9470,11762,1013,165,6773,12306,31706,35191
201505,공항철도 1호선,공항화물청사,5692,42257,14588,18492,32466,3810,713,407,11939,4412,32932,65568
201505,공항철도 1호선,김포공항,21345,50509,102305,78250,72922,34400,2258,1728,55878,16834,181786,147321
201505,공항철도 1호선,디지털미디어시티,33689,84318,70792,91770,109502,39151,3096,817,59108,30473,166685,207378
201505,공항철도 1호선,서울역,26388,57154,126327,132869,92518,56659,5360,1190,77690,44815,235765,236028
201505,공항철도 1호선,운서,42200,27633,74984,57151,37299,44194,4714,320,22203,55076,144101,140180
201505,공항철도 1호선,인천국제공항,42671,92062,136253,163418,100541,53767,7890,3551,68015,28546,254829,287577
201505,공항철도 1호선,청라국제도시,53675,13622,50059,27285,18254,36271,2793,163,8167,46750,114694,87820
201505,공항철도 1호선,홍대입구,27734,26607,73066,87967,58248,57181,4962,533,77014,42938,182776,158045
201504,공항철도 1호선,검암,211874,37857,183811,94307,62266,143279,15229,1029,30219,183004,441133,316197
201504,공항철도 1호선,계양,151370,13909,121011,53467,29114,104717,8558,662,13416,123368,294355,191406
201504,공항철도 1호선,공덕,10764,11726,14641,14555,10854,13274,1040,132,7693,12459,34138,38872
201504,공항철도 1호선,공항화물청사,5407,44090,14193,19075,34856,3713,556,436,12466,4198,32622,67799
201504,공항철도 1호선,김포공항,22167,53668,93503,74875,69895,33673,2184,1591,53781,16024,171635,146158
201504,공항철도 1호선,디지털미디어시티,36850,99623,66994,90044,126215,39546,3083,763,64914,29815,171841,220245
201504,공항철도 1호선,서울역,27803,61336,118157,125622,96136,53954,5120,1002,78507,40732,229587,228692
201504,공항철도 1호선,운서,44476,27233,67525,50862,35401,41450,4547,260,21618,52929,138166,131284
201504,공항철도 1호선,인천국제공항,39366,88421,119140,144225,91893,50361,6405,3296,65713,26711,230624,262653
201504,공항철도 1호선,청라국제도시,59770,13964,45395,24354,17821,37252,2818,115,7527,46963,115510,85396
201504,공항철도 1호선,홍대입구,28505,28770,65073,78283,53198,52910,3949,410,67298,38524,164825,145987
201503,공항철도 1호선,검암,209287,36672,184080,91553,61918,146473,14901,1035,29131,181486,437399,310746
201503,공항철도 1호선,계양,150673,13518,122054,52190,29027,104773,8053,621,13616,124195,294396,190524
201503,공항철도 1호선,공덕,10580,11929,15101,14512,10924,13435,1033,125,7804,12705,34518,39271
201503,공항철도 1호선,공항화물청사,5568,43543,13873,19652,34653,3752,609,428,12857,4082,32907,67705
201503,공항철도 1호선,김포공항,22499,51064,92967,72474,69121,33307,1965,1606,50351,15607,167782,140751
201503,공항철도 1호선,디지털미디어시티,36257,99076,67155,91541,126463,39538,2956,742,64385,29000,170753,220359
201503,공항철도 1호선,서울역,44966,121127,155962,221149,156781,91461,5830,1075,124633,64687,331391,408038
201503,공항철도 1호선,운서,44293,26061,67755,47345,33235,42810,4265,278,21153,54507,137466,128191
201503,공항철도 1호선,인천국제공항,38055,87086,124857,138373,91098,46230,6838,3253,63936,26612,233686,255324
201503,공항철도 1호선,청라국제도시,59975,14142,44120,23321,17669,36938,2672,126,7205,47552,113972,85141
201503,공항철도 1호선,홍대입구,27416,28973,64445,80228,55939,53696,3661,294,66680,36840,162202,146335
201502,공항철도 1호선,검암,149860,28468,163038,81041,52560,116034,12129,881,24948,145927,349975,256317
201502,공항철도 1호선,계양,107056,10570,101748,44419,24552,79894,6431,531,11572,96640,226807,152160
201502,공항철도 1호선,공덕,8239,9025,13524,12608,8793,10888,921,102,6468,10383,29152,32118
201502,공항철도 1호선,공항화물청사,4876,35502,11783,15685,27743,3379,608,352,11040,3594,28307,55133
201502,공항철도 1호선,김포공항,16881,40461,85666,66413,60078,29072,1823,1407,43824,13230,148194,121511
201502,공항철도 1호선,디지털미디어시티,26061,74795,56325,72944,96427,31380,2614,570,50394,23391,135394,171700
201502,공항철도 1호선,서울역,37352,91051,148946,209367,132865,86052,5982,1111,106781,64227,299061,365756
201502,공항철도 1호선,운서,33687,20836,62989,41947,26693,37112,3956,246,17497,46480,118129,109509
201502,공항철도 1호선,인천국제공항,38472,79947,124887,143174,87380,48473,5425,3256,69689,27482,238473,253859
201502,공항철도 1호선,청라국제도시,41532,10363,38461,20033,13858,28187,2102,135,6108,37081,88203,67612
201502,공항철도 1호선,홍대입구,20245,19667,55838,69441,46800,44856,3155,232,53823,31362,133061,120702
201501,공항철도 1호선,검암,179781,34390,183543,91663,60979,136567,14148,1047,27735,167758,405207,294858
201501,공항철도 1호선,계양,131009,12294,116463,49635,28113,97189,7878,579,12342,112409,267692,174917
201501,공항철도 1호선,공덕,9724,10658,15175,14166,10573,12744,1049,140,7552,11409,33500,36373
201501,공항철도 1호선,공항화물청사,5348,42949,13697,18781,34493,3908,669,393,11860,4089,31574,66212
201501,공항철도 1호선,김포공항,18142,46070,92992,74109,66978,32247,1979,1500,47812,14709,160925,136388
201501,공항철도 1호선,디지털미디어시티,30845,89353,63140,85883,119102,36587,2864,646,58459,25915,155308,201797
201501,공항철도 1호선,서울역,41626,109215,162214,229689,152907,94009,6479,1242,120491,66190,330810,406336
201501,공항철도 1호선,운서,39017,23360,70902,45987,30831,43143,4389,240,19893,52212,134201,121799
201501,공항철도 1호선,인천국제공항,39818,89310,132652,155587,94665,49956,5523,3594,68209,27845,246202,276336
201501,공항철도 1호선,청라국제도시,51276,12039,44326,22457,16491,34649,2408,144,6450,43793,104460,78433
201501,공항철도 1호선,홍대입구,23072,24281,61335,77245,51693,49307,3318,278,61569,33764,149294,135568
